1101100101100101010111010000100010110
1100010011010100111101001001100111100
1011010101101110111001001001111001100
1001110111101011010101110100000011111
1000100110010011101111101001000001011
1010010010110010000011100001001101111
0101110001011101010000101010110000100
0011110110001011111100010000100000000
1011110110001001000000010010111001010
1010100101101010000101111110001111010
0100111011000111111110000110111011100
0011011001001100100001111101100111001
1001011111011101000100101011010110111
1101000000101111100001010001110011100
1010110001110001011110000000011100011
1010111111011110001111101000011000110
1110001011110111101010101000010001011
1011110010100100111000000111110010001
0000110001111101110100111101010010110
1111100100101010111011101111110111010
0110100100110001010001111110010011111
1000110011111100001101000101101100001
1000100100111011000100000010110001110
0011010001001100010111001101110111010
1101101100101001010010110000011111010
1100001010101100011101110101100001100
0111110101000011001001110010100011100
0000001101001100101110101000100011111
0011000111000111011111011010101011100
0010001101110100010101001101111110010
1111101011101010010100100111111110101
0110101011000000011100011010100010111
0011000101001011100001001000111001000
0110010110110110001101100110011111110

1001011110101010001001011000100100000
1111110001001100101010111011101011101
0010000001110001010011001100100000111
1111100100111011000110000100111001110
1110100111010110100100111001000110110
1101111010000100111010000001111101001
1110010011110010111111001011101101000
0101100110011111010001011010111001011
0000100001101011010111011100100000100
1100011101001110011100110101100011011
0100110101010100000111001100010000110
0100000110100100000011011001000100101
0111000100000010010100010010101010101
0110110000111001100001011101011100001
1111001001100101110100011011000001000
1110011101110100110001111101100011011
0101011010010001100011010101101100010
1111010000000011101000111100010101011
0010110111010010000010101111011011100
1000100111001101011001100111001000110
0000100011100001111000101000001011000
0010111001111010101001011100111101110
1000011011111000010011010111110110100
1110001111001001011110111111110000000
1100010011010100101001110000110011111
1001110111110111011010110000010011010
0110011001101110110010011110110011010
1101000100011111111001000001110100011
0111011011111000001101011001101000000
0111001011101000111111111000001100011
1000010000010100100101011110000010101
1100011100011101000100110010011101011
1011000011111001100010000111011111111
1001011010000100000101001100000101100

1111001101101001101000100100010011111
1101101100001111001100101010110110010
0111001010111000110110110100110011011
0011111001101110010011001111000011100
0001000000000110000100101000011000101
0001000101000101111001000101010111101
1000110110101010101111100100100001111
1010001001011000111010111111011011000
0001101101100010011110100110110100000
1110000011101011101110111100111000000
0001001110100100010011000001011100010
1011101001100110010011011111110110001
1011110110110100111100000111001111000
1000100010100100011000001101011111010
0001001111111010111011110101000101101
0111100100001001110001011000101111011
1111111010110101100000010101011110101
0001100110110011001111111111101100001
1011011010101011010100100001001000010
0000010101010101111110110000100011000
1011101001100000100011010010101001111
0100111001011011110110010100111011110
1100111010111111011100101101001111101
1001110110101100010111111001001100010
1110100001100000011010110001011111001
1000011110010111010000011111100100100
0100000101010110110010100011101010011
0001000011110011001100100101111010101
0001001101010000101110011010001001110
1011011000111111101000110000110101110
0110110110001110000011011001001001000
0000110000111010100011001001110111101
0101011011100110111101100001110100110
0010100101011011011001000100000101001

1111100100110110010100111000110001100
1111011110110000101011001001100001101
1110100000110101010011100110111010000
0110111001101110101110101110011111100
0000110110101000010111111010010100010
1111001011000100100000010001101111110
1000101111100010010000000010110011000
1010000100100011011101111110111110101
0100100100101101111001011010100010011
0101001110010000010010101111000000001
0001000001011010110010101101111101110
0010111001100011011001010110001110111
1000001101100001100111110100011101101
1101000101110101101101011000101001001
0111100001100101101000110000001001110
1010110100010111100101011100111110111
1100101111000011000100011101011110111
0001000000100100001000101111000001011
1000111101110100010000111000010111010
0011111111011001010101000001010001101
1100000011011111010000001011111000011
0100010000101100011111001010000000011
0110110011001101101110010110110011101
0001110110010010110000001101010101100
0010111100111110010110111010010111011
1101101001110000100011111110000100011
1011110001000011100111000010111100011
0100100100111000011101000100111100100
0011000111100100100000000001010010011
1010011010100111110110010011100101010
1111100011001000100111011001111001111
0110101101101010111011011011110100111
1011111001101111110110110010100101111
0000100100011111101111001010001111001

1010010011011011011011011111111101001
0011101010100101001000011000101110000
0010001110111110101101100011100101111
0011110011010001100111010101001100101
1111011111111101111110001000110110011
1011100111010000100001110111011101100
1101110101100010100111001001000011000
1100101100000100110111001100000101111
1110110000101011011101001111100110110
1011001110111111101001000011111001011
0101000110001110111110000101101011010
1011100011111010011111110011111011110
0001011110001001110101011010110011011
1111000011010101001011000000011010111
1010001011100100110110111111100000011
1011011100010111100111011010110100110
1011110111111101111011101000111001010
1100101000010010101010000100110011100
0010000111010001100010110101111111010
1011001111000101111110010011010110010
0010001001001010001100000001100001001
1001100000100010100110010101101111101
0100110010100010111101000011100110100
1101101111001101000100110011111010101
1010000010111101010001011110001111111
0100000111111010011110010000100100010
1111011011111011001001000111100100001
0000001110111011010001010100111011011
0111111010100110001111111100111000010
0110011011011100100111011100100010110
0111010111001110001111111011001011100
0111101111100101001011101001111101101
1101000010100111100100001010000100010
0111011111100010010100111100111100111

1001111010000110011100010100110111100
0010111001011100010101101100001000010
1010000000101010101001111111000010000
0001100111010110000111100010001110100
0011001111010001110000100011001001100
1111110001001110011010100110001000111
1111111000101010010010001110101010011
1111011111001101101100110010001011111
0100011111011001000011100001011011000
0000100100001011001011101101110101111
0001000000001100101100010011001010000
0000111101100010101110011011100100100
1011000001010110010000001011000011010
1011111010000000100111100101111000010
1011001001110111010010110100011011001
0111000101011001110010010000100011110
1100011100001011011110011011010001100
0000110000000101110100001010101011011
0001110101100100010110010100101011111
0100110011011100111101010011000011110
0111100101101010000000110110110101101
1010100110011111010010101011001110111
0001110001101111001101001100001101111
1000001110000110111101011010110001000
1101110001000011001011101110001100110
0000001011011000100110000111001100110
1010100010110111100001100010001011010
0010001101111111001010100110001110110
1100001000101011010101101001000110101
0011011001000000111110010100000001010
0011100000001111101111001100100010011
1000010010101010101110111010111010001
0100110001001000000101000011101111100
1010101011100000010101100001011000010

0001111111101101111101011101101111101
1011000111110010101000000101101010100
0010010101011000100111000010001101111
1100111110110111101111101010111100011
0111010100111010101001100101111011011
0011111011100011111000011010000001001
0111100110101111111111110111101010100
0101000111000100110001110011100001010
1011110101100111100001111111001010010
1101001100111100001011010100001111101
1011110110111011101001101100100111100
1101010101101101100101001110111000000
1001101110111010010000010101111111111
0011001001111010010010101110110001000
0111001001001011110100110101101110001
0011101110001111010100110001000100110
0111111001010000010110100101110110001
1100111100010100111110011110000100000
0000101101011110110101011000000101001
1001010011101001111010010000011000111
1000010000011111100001101110110000011
1100001100000111001111000000111011010
1101001101011011000010111010011111100
1111111000000101111010010000010110001
1010000100101000100010011110101001010
0000001000100111010001000010110010111
0100100000010000111011110110110001111
0000111110111001010111110000001011110
1010100110001100000110110101110110000
1101010100010010011011011001100111001
0011101111010110110110101111010010000
1000110001001011010111101111010011111
1111101110101100110111101001111001111
0000110100000011011101001101000001111

1010101010110111110100001100011110001
1110011101101100110011100010110110111
0100010001010000011001001001100110100
1100011111010100101101110111001011101
1010011111000101100110100000100101000
0101111111000110110111001001000001101
0010000010100001011100001110000001010
0010000100100111100011100010000011100
0000101101110100001000101000110011000
1000011101001100110111111000011011000
0100011101011001101111001110011100110
1111110000110111100010101101001000001
0001000011011110000001111001100010111
1001000100111010001111000001010110010
0110110100110010111001111000111110011
0001000001001110110001101100101110100
1101011010101001010101001000001011011
0000000101001010111100110111000000010
1000101100010010101100110011011100101
0100111001110001100000010111010010000
0110001000001000100011101100000001011
0001000111010110101100111010111010011
1101100100011101110011111111001010100
0001101000100010111100101100100101011
0001110010100111110001100011110110111
1010010100101110011110110101111101000
0111011000001100010110010111001101111
1101101100011101011110011010100011011
1100100010111101010000001101111111001
1011100011101101011101101011011111010
1010010100111101111011011111101001000
0111111110011010010011011101111111101
1100000111111110000000011111001000000
0011001111011110111001110110010001111

0011010001101000010011110001100000011
1100101010001110001001111101011110000
0110010111101010001010111111100011011
1011101101000101110011000100101100001
1101100111001011100110010011010101001
0000001111101011101011001001100010101
0111101001101110111001000110110010001
1101010010111010111100011011101111111
0000010110110011111000110100110100110
1010111000011000111010011000000011110
0011011010110110111011001100101111001
1101100010010100101001111000111011110
0100010100001010001000110000101100001
1011000101101001110011001100110011110
1000011111100010100111011010110101111
1000111011000100100101111001101000100
1010110011100000110100010100010111000
1000101011111010001000110011101001010
0011110100110010000000111110100100100
1101001001010001001111000001101101101
0010011111011011010011000101010011000
1111011000010010000101111100110101110
0100101010011001111011011011111010110
0101011001101100010010101100011001100
1110011000101101000001111001000111100
0001100101101000111100111011001010101
0000010101010100001011101001110110000
1100000011100000111010101011110101100
0000011101110101111110001110010011100
1111001100000001001011010111000111001
1000011111101100010111000101100010111
0111100101101101001110100000101110111
0100110011111000110001011000011110000
1100111101010110100100111101011011000
