a: 3200668456433429
c: 1399141250290051
m: 1673063435724431
seed: 27701963

10010101
01010100
00011100
10100001
00100110
10101100
10101000
01101011
10100100
00101011
10110010
00010100
01000010
10100100
00001100
00000111
10000111
00001011
11001101
01010110
11101000
00101100
11001011
11101101
11000000
11011000
11011110
00011011
01101111
10001110
00101110
00010111
01001010
00111011
00110110
10001001
00001010
11101001
00000110
10110001
00010101
00110101
11011101
11111101
11101110
01111101
10010000
01001001
01000000
00011111
11001000
00001001
01011011
01001111
10111101
11100110
11011011
00111111
01100101
01111100
11110001
01010010
10000000
11101110
11010010
10100000
01000000
11101101
01001101
10110111
00001001
01100111
00110101
10100111
10101000
01011101
01011110
10110111
01100000
00110101
10011010
01011100
01011000
01110010
11000111
11111000
00110111
11111110
01101110
01110011
10000010
01101101
11101111
11010010
01001111
00011101
11010010
11001010
10000000
10011001
01010100
11001010
10000000
10110000
00111101
00111000
10001101
00001110
01110011
10101101
00111001
10000110
10010011
11000010
01001101
11100110
11111111
10100100
00110110
11000000
01100001
00101111
00101101
01000000
11110011
10100100
11000011
01011100
11100010
11110100
00101110
01001011
10000100
10100110
00101010
00101101
01000000
10010011
00111111
00101010
00100010
10100100
11001011
11000010
00111010
01010100
00001111
10100010
11100111
10011010
10100110
00010001
01100001
00010001
11111101
10100100
11110010
00110101
01000010
11001110
11000111
11011010
10100110
00010110
01000111
00110010
11101111
01111011
00100000
11011000
11100100
00000110
00110011
00101011
10001001
01011101
01000110
11011010
00000010
00001110
00111011
11011000
10111001
11010000
00101011
11010000
11110001
01100001
11011011
00011101
11000000
00100010
10101001
01101100
11000001
11110001
11101001
01000011
10110100
00011111
01001011
00000101
00101000
10111110
00100110
11101011
00110101
01011111
11000001
01100101
10100111
01101001
10101111
01001000
01001011
00101010
10000101
00001000
11010101
01110100
00001000
00110000
11001100
10101001
01101111
10101001
10001001
11010101
11000111
10111100
11010000
11011100
10111101
10111101
01010110
01001111
10111101
01001110
01101111
00000100
10001100
01001001
11011000
11111100
11000011
10010001
11010011
01000110
11100010
10001001
11010100
11000101
11100000
11010000
11100111
10101011
10000011
10010101
01011000
11011010
11011001
01001001
01111111
00101110
11110100
00011101
10111110
00110100
01111100
11101101
11101110
10011100
00011010
11110101
00100101
10111010
11011000
11100100
10101010
00110010
00101100
11111000
10010010
01000110
01010010
01010100
00010000
01100101
10100110
11111111
00101011
10001010
00111100
01011010
01010001
10101010
00101100
00010110
10010101
11110100
10011011
01010000
00100010
10011000
01111011
11001111
11101100
10001111
10010001
10111001
11110100
01010010
10010110
11001000
00011101
10000011
11011111
11101110
11000111
00011011
11010101
01100011
10010101
01100000
01001100
00100010
10011111
11101001
11011001
01000100
00100010
11000101
01110110
10100010
11011110
10000010
01010111
10001011
00010010
10011010
10000111
11111101
00001011
10101001
01010101
11011011
10110111
10010001
00011011
11000001
11011011
01100111
01001101
10101110
01001011
10010000
00101000
01110100
00110101
01110110
11010100
00000111
11001100
10111111
10011111
01111000
01101010
10101100
11100010
00100111
10111001
01111011
10011011
10110010
00010110
10100010
00000001
10000101
00110001
11011111
10001010
11110110
01011111
00100101
11001111
11100110
11010011
00010111
11010110
00010001
11110110
01010111
10000111
00101011
01000010
00110100
10111000
01100000
11000000
11010101
01001100
10011111
00100110
10001111
00100111
00111010
11110011
10111100
10001000
11101010
00110000
00100000
00010000
10011001
01010100
00000011
10111000
01000001
00000110
00101100
01100011
10100011
11011101
01101001
00101110
01001000
11100101
11100000
01010100
01001001
10100001
10111011
01101111
01011100
10001110
00111100
10000110
00001101
11101101
00110101
10001110
10111110
11101010
