Elf 1: 15, 25, 77, 41, 73, 62, 58, 55, 90, 76
Elf 2: 82, 47, 68, 73, 91, 75, 37, 32, 48, 19
Elf 3: 19, 28, 81, 46, 84, 30, 69, 99, 38, 18
Elf 4: 7, 5, 62, 100, 20, 36, 7, 10, 95, 99
Elf 5: 41, 7, 82, 43, 50, 13, 64, 38, 89, 54
Elf 6: 29, 88, 22, 34, 32, 99, 45, 24, 87, 55
Elf 7: 33, 12, 92, 65, 17, 22, 97, 25, 73, 76
Elf 8: 35, 34, 27, 59, 65, 34, 79, 64, 47, 75
Elf 9: 11, 85, 26, 50, 55, 6, 10, 89, 85, 95
Elf 10: 62, 80, 8, 15, 47, 44, 76, 44, 39, 2
Elf 11: 23, 32, 9, 2, 91, 10, 98, 15, 77, 99
Elf 12: 63, 19, 53, 48, 15, 73, 1, 57, 94, 20
Elf 13: 70, 45, 87, 62, 63, 58, 36, 70, 55, 33
Elf 14: 1, 70, 23, 41, 88, 66, 70, 72, 98, 9
Elf 15: 57, 76, 90, 15, 95, 44, 86, 29, 47, 100
Elf 16: 37, 78, 11, 62, 29, 38, 29, 39, 54, 67
Elf 17: 87, 58, 92, 54, 94, 84, 39, 98, 80, 1
Elf 18: 92, 12, 93, 20, 72, 6, 11, 46, 28, 16
Elf 19: 25, 40, 92, 78, 4, 5, 70, 38, 44, 30
Elf 20: 53, 7, 92, 64, 52, 58, 94, 98, 60, 20
Elf 21: 56, 4, 25, 69, 5, 24, 16, 34, 90, 35
Elf 22: 33, 52, 46, 26, 71, 4, 80, 69, 32, 91
Elf 23: 43, 2, 99, 16, 85, 64, 59, 98, 75, 67
Elf 24: 56, 68, 83, 4, 81, 83, 54, 12, 22, 54
Elf 25: 47, 21, 28, 34, 23, 58, 41, 76, 5, 54
Elf 26: 11, 72, 8, 37, 52, 59, 76, 93, 85, 87
Elf 27: 80, 84, 20, 55, 79, 32, 18, 26, 99, 76
Elf 28: 15, 46, 7, 39, 74, 27, 18, 42, 86, 54
Elf 29: 80, 37, 20, 20, 87, 86, 36, 37, 85, 53
Elf 30: 52, 12, 12, 61, 70, 96, 67, 99, 98, 52
Elf 31: 38, 83, 4, 66, 1, 34, 81, 9, 52, 82
Elf 32: 19, 98, 77, 23, 75, 4, 51, 3, 96, 64
Elf 33: 76, 59, 49, 93, 87, 33, 39, 20, 45, 20
Elf 34: 5, 78, 9, 50, 46, 4, 50, 15, 12, 31
Elf 35: 40, 20, 56, 92, 21, 92, 35, 70, 3, 17
Elf 36: 93, 53, 17, 20, 41, 87, 94, 65, 41, 68
Elf 37: 10, 19, 100, 71, 35, 79, 30, 78, 53, 24
Elf 38: 7, 72, 20, 65, 17, 87, 60, 18, 80, 96
Elf 39: 94, 71, 67, 19, 97, 4, 17, 52, 89, 23
Elf 40: 50, 100, 76, 52, 23, 33, 96, 36, 19, 64
Elf 41: 36, 11, 6, 29, 21, 7, 70, 69, 94, 26
Elf 42: 39, 24, 10, 60, 77, 55, 25, 73, 85, 37
Elf 43: 17, 19, 60, 46, 93, 80, 68, 5, 65, 91
Elf 44: 54, 31, 2, 44, 21, 49, 31, 88, 55, 89
Elf 45: 75, 34, 14, 13, 40, 78, 76, 5, 91, 96
Elf 46: 51, 71, 5, 95, 83, 79, 81, 19, 63, 48
Elf 47: 88, 98, 52, 52, 56, 4, 8, 96, 48, 74
Elf 48: 43, 18, 8, 60, 23, 45, 67, 41, 90, 85
Elf 49: 20, 71, 46, 69, 39, 96, 20, 93, 94, 43
Elf 50: 60, 58, 13, 59, 38, 22, 88, 29, 29, 5
Elf 51: 95, 65, 77, 26, 45, 92, 54, 52, 71, 90
Elf 52: 84, 55, 18, 69, 94, 26, 37, 38, 85, 46
Elf 53: 46, 3, 50, 82, 10, 46, 65, 78, 65, 2
Elf 54: 16, 64, 29, 67, 17, 62, 80, 7, 52, 18
Elf 55: 73, 84, 21, 97, 94, 3, 83, 54, 65, 21
Elf 56: 34, 67, 75, 80, 34, 83, 70, 57, 70, 75
Elf 57: 30, 49, 57, 41, 14, 43, 31, 88, 4, 42
Elf 58: 14, 70, 8, 19, 49, 83, 54, 77, 24, 80
Elf 59: 19, 49, 19, 26, 27, 50, 82, 97, 26, 6
Elf 60: 53, 62, 22, 65, 77, 12, 96, 94, 70, 82
Elf 61: 91, 51, 80, 79, 99, 26, 34, 96, 68, 84
Elf 62: 16, 69, 38, 26, 65, 82, 41, 20, 31, 55
Elf 63: 83, 32, 80, 87, 67, 47, 83, 87, 76, 2
Elf 64: 4, 48, 12, 75, 76, 69, 38, 25, 80, 31
Elf 65: 78, 42, 44, 95, 35, 8, 5, 58, 20, 30
Elf 66: 88, 27, 8, 76, 89, 96, 87, 57, 88, 24
Elf 67: 51, 7, 96, 85, 40, 8, 37, 35, 98, 12
Elf 68: 85, 12, 51, 42, 38, 48, 3, 75, 20, 32
Elf 69: 80, 70, 45, 12, 81, 30, 90, 43, 56, 21
Elf 70: 96, 47, 24, 69, 12, 68, 51, 62, 21, 85
Elf 71: 54, 74, 86, 12, 84, 90, 48, 78, 91, 28
Elf 72: 91, 99, 7, 58, 97, 5, 56, 43, 5, 85
Elf 73: 25, 3, 9, 77, 41, 99, 28, 5, 33, 97
Elf 74: 41, 88, 25, 22, 65, 82, 98, 50, 73, 31
Elf 75: 10, 23, 19, 86, 25, 27, 10, 81, 9, 93
Elf 76: 33, 36, 56, 100, 27, 87, 75, 45, 64, 77
Elf 77: 27, 57, 72, 10, 100, 48, 27, 15, 76, 52
Elf 78: 58, 16, 94, 92, 92, 56, 69, 42, 61, 20
Elf 79: 63, 20, 44, 37, 60, 81, 94, 48, 38, 51
Elf 80: 77, 16, 9, 91, 53, 67, 83, 99, 76, 33
Elf 81: 90, 62, 62, 34, 80, 4, 78, 42, 94, 67
Elf 82: 84, 74, 49, 35, 74, 50, 64, 10, 21, 87
Elf 83: 15, 19, 52, 98, 46, 69, 50, 91, 61, 97
Elf 84: 7, 17, 73, 71, 45, 100, 75, 95, 92, 73
Elf 85: 44, 4, 11, 56, 99, 75, 16, 28, 40, 43
Elf 86: 96, 84, 93, 34, 89, 74, 43, 59, 93, 19
Elf 87: 100, 84, 74, 18, 13, 45, 55, 14, 38, 45
Elf 88: 2, 78, 25, 14, 85, 44, 20, 83, 61, 98
Elf 89: 50, 90, 39, 19, 89, 79, 79, 40, 44, 89
Elf 90: 67, 33, 29, 31, 88, 33, 56, 24, 30, 11
Elf 91: 91, 92, 81, 80, 72, 65, 97, 49, 92, 3
Elf 92: 41, 89, 19, 13, 80, 80, 94, 4, 6, 51
Elf 93: 46, 98, 21, 29, 46, 51, 95, 4, 27, 96
Elf 94: 15, 14, 38, 68, 41, 89, 71, 45, 10, 97
Elf 95: 63, 53, 84, 68, 95, 90, 17, 91, 84, 96
Elf 96: 6, 84, 38, 18, 36, 96, 81, 25, 46, 3
Elf 97: 78, 62, 12, 57, 55, 56, 93, 3, 99, 63
Elf 98: 64, 74, 3, 32, 4, 95, 57, 96, 81, 64
Elf 99: 28, 70, 27, 13, 99, 56, 69, 99, 29, 32
Elf 100: 91, 94, 74, 83, 64, 53, 78, 45, 32, 56
Elf 101: 25, 22, 45, 94, 25, 39, 38, 88, 19, 31
Elf 102: 42, 33, 22, 54, 67, 7, 72, 26, 67, 40
Elf 103: 7, 96, 30, 20, 5, 95, 22, 59, 25, 40
Elf 104: 10, 53, 7, 51, 25, 75, 97, 54, 94, 85
Elf 105: 11, 45, 66, 45, 1, 94, 56, 70, 95, 38
Elf 106: 30, 58, 46, 18, 100, 1, 58, 4, 57, 31
Elf 107: 21, 91, 60, 39, 72, 48, 62, 41, 57, 53
Elf 108: 14, 32, 91, 64, 47, 45, 74, 66, 90, 41
Elf 109: 39, 86, 35, 85, 9, 12, 93, 30, 69, 46
Elf 110: 82, 13, 80, 68, 48, 89, 89, 100, 2, 61
Elf 111: 81, 24, 55, 85, 86, 60, 81, 45, 57, 29
Elf 112: 9, 27, 7, 37, 76, 67, 83, 1, 70, 35
Elf 113: 73, 25, 43, 78, 38, 5, 74, 26, 86, 45
Elf 114: 71, 99, 26, 73, 44, 52, 90, 58, 92, 38
Elf 115: 82, 70, 45, 26, 67, 15, 84, 39, 60, 78
Elf 116: 37, 94, 69, 23, 72, 13, 34, 96, 92, 22
Elf 117: 79, 19, 89, 66, 97, 23, 63, 75, 33, 85
Elf 118: 62, 44, 28, 32, 26, 65, 5, 17, 2, 41
Elf 119: 15, 83, 59, 32, 28, 32, 76, 66, 22, 11
Elf 120: 10, 26, 95, 13, 11, 45, 30, 41, 34, 64
Elf 121: 32, 67, 18, 57, 24, 43, 64, 38, 58, 92
Elf 122: 96, 65, 8, 1, 15, 34, 34, 21, 97, 100
Elf 123: 79, 47, 19, 65, 9, 60, 42, 7, 45, 41
Elf 124: 51, 80, 32, 4, 12, 86, 69, 30, 88, 80
Elf 125: 14, 96, 17, 20, 46, 95, 40, 29, 41, 26
Elf 126: 93, 5, 47, 18, 76, 8, 75, 96, 16, 25
Elf 127: 30, 84, 32, 5, 3, 6, 10, 89, 18, 17
Elf 128: 8, 13, 67, 60, 22, 28, 70, 40, 43, 19
Elf 129: 5, 97, 89, 38, 22, 40, 93, 93, 87, 22
Elf 130: 76, 81, 42, 25, 63, 74, 37, 76, 86, 91
Elf 131: 97, 44, 58, 96, 84, 98, 77, 17, 82, 54
Elf 132: 78, 84, 11, 97, 97, 31, 56, 45, 18, 93
Elf 133: 91, 99, 48, 94, 36, 63, 50, 14, 15, 13
Elf 134: 31, 37, 10, 46, 51, 52, 48, 89, 25, 52
Elf 135: 35, 29, 1, 27, 100, 38, 88, 46, 9, 58
Elf 136: 72, 43, 50, 92, 2, 86, 3, 31, 7, 10
Elf 137: 43, 9, 51, 86, 71, 68, 45, 7, 89, 98
Elf 138: 41, 44, 4, 60, 6, 9, 94, 32, 37, 86
Elf 139: 73, 1, 73, 25, 57, 15, 73, 81, 73, 53
Elf 140: 87, 73, 82, 31, 96, 5, 60, 40, 27, 84
Elf 141: 84, 83, 83, 81, 57, 64, 79, 19, 38, 27
Elf 142: 70, 84, 69, 78, 72, 2, 41, 67, 26, 65
Elf 143: 84, 7, 5, 78, 2, 70, 13, 16, 55, 29
Elf 144: 16, 39, 26, 23, 93, 3, 41, 86, 84, 24
Elf 145: 27, 92, 82, 3, 45, 14, 48, 37, 31, 5
Elf 146: 11, 18, 63, 9, 27, 97, 64, 25, 49, 64
Elf 147: 80, 64, 31, 85, 69, 91, 84, 27, 82, 16
Elf 148: 63, 75, 61, 86, 11, 79, 77, 95, 89, 20
Elf 149: 15, 71, 20, 22, 88, 79, 31, 92, 85, 58
Elf 150: 95, 9, 52, 57, 80, 93, 78, 4, 5, 12
Elf 151: 41, 77, 79, 8, 17, 54, 25, 93, 48, 46
Elf 152: 93, 8, 64, 32, 59, 56, 77, 15, 65, 10
Elf 153: 78, 3, 28, 61, 45, 59, 66, 60, 82, 78
Elf 154: 64, 67, 26, 82, 38, 1, 41, 9, 59, 41
Elf 155: 11, 81, 72, 80, 100, 78, 40, 70, 9, 81
Elf 156: 39, 100, 69, 72, 100, 3, 79, 63, 91, 56
Elf 157: 60, 68, 93, 92, 80, 41, 65, 76, 21, 53
Elf 158: 55, 53, 55, 69, 80, 95, 28, 43, 50, 79
Elf 159: 64, 46, 54, 54, 59, 83, 92, 53, 58, 93
Elf 160: 14, 29, 55, 68, 3, 14, 90, 73, 34, 92
Elf 161: 10, 8, 72, 16, 45, 49, 93, 26, 92, 55
Elf 162: 58, 43, 24, 49, 33, 99, 57, 70, 13, 17
Elf 163: 33, 79, 39, 99, 100, 99, 1, 41, 15, 26
Elf 164: 92, 72, 79, 29, 11, 58, 9, 40, 70, 47
Elf 165: 48, 11, 39, 21, 57, 92, 52, 33, 63, 44
Elf 166: 82, 96, 72, 42, 54, 99, 69, 2, 14, 47
Elf 167: 54, 23, 70, 90, 49, 25, 14, 6, 79, 60
Elf 168: 77, 6, 46, 24, 69, 85, 17, 78, 90, 56
Elf 169: 69, 16, 4, 61, 50, 100, 99, 12, 37, 67
Elf 170: 80, 23, 62, 19, 41, 22, 75, 40, 10, 56
Elf 171: 48, 83, 59, 81, 61, 41, 86, 67, 49, 23
Elf 172: 32, 68, 87, 25, 40, 59, 11, 7, 64, 39
Elf 173: 54, 15, 53, 81, 80, 79, 46, 79, 3, 87
Elf 174: 68, 77, 84, 32, 24, 94, 21, 70, 24, 20
Elf 175: 45, 22, 63, 87, 7, 99, 8, 75, 8, 72
Elf 176: 50, 57, 29, 34, 26, 8, 55, 80, 57, 57
Elf 177: 85, 21, 23, 1, 47, 21, 25, 34, 78, 58
Elf 178: 59, 39, 50, 4, 29, 91, 13, 90, 86, 63
Elf 179: 68, 46, 65, 20, 38, 96, 35, 6, 65, 24
Elf 180: 93, 66, 53, 17, 54, 56, 93, 50, 64, 60
Elf 181: 42, 69, 1, 83, 71, 75, 100, 16, 44, 14
Elf 182: 45, 74, 23, 64, 56, 23, 69, 80, 73, 15
Elf 183: 65, 38, 17, 89, 77, 78, 28, 72, 42, 24
Elf 184: 23, 49, 76, 42, 12, 1, 74, 21, 35, 81
Elf 185: 64, 29, 57, 49, 67, 51, 93, 48, 27, 86
Elf 186: 65, 46, 79, 65, 87, 97, 40, 41, 91, 29
Elf 187: 45, 23, 97, 53, 98, 18, 1, 76, 78, 8
Elf 188: 16, 78, 12, 83, 36, 46, 21, 29, 10, 73
Elf 189: 57, 97, 65, 52, 64, 44, 25, 43, 7, 13
Elf 190: 99, 55, 62, 92, 42, 69, 50, 70, 13, 79
Elf 191: 28, 18, 99, 10, 78, 70, 21, 43, 80, 89
Elf 192: 13, 38, 23, 86, 54, 42, 36, 32, 45, 23
Elf 193: 11, 51, 59, 53, 59, 11, 37, 17, 61, 94
Elf 194: 90, 10, 18, 7, 1, 74, 8, 83, 27, 67
Elf 195: 17, 28, 10, 76, 30, 29, 40, 58, 76, 13
Elf 196: 32, 68, 75, 40, 90, 33, 36, 73, 61, 80
Elf 197: 22, 36, 26, 32, 43, 82, 20, 13, 59, 99
Elf 198: 59, 11, 48, 6, 8, 58, 7, 100, 43, 91
Elf 199: 53, 76, 15, 51, 1, 46, 50, 52, 51, 22
Elf 200: 47, 85, 38, 46, 93, 43, 2, 35, 86, 83
Elf 201: 93, 18, 55, 11, 79, 61, 59, 5, 41, 78
Elf 202: 80, 43, 17, 2, 12, 65, 44, 74, 58, 23
Elf 203: 73, 64, 87, 2, 12, 89, 88, 18, 72, 92
Elf 204: 26, 15, 70, 32, 59, 51, 1, 63, 22, 58
Elf 205: 43, 16, 75, 3, 15, 43, 69, 92, 90, 73
Elf 206: 92, 44, 52, 35, 34, 39, 72, 39, 24, 5
Elf 207: 98, 75, 61, 25, 29, 98, 83, 84, 71, 81
Elf 208: 48, 56, 37, 4, 64, 25, 40, 1, 39, 36
Elf 209: 67, 21, 64, 66, 74, 61, 55, 82, 91, 36
Elf 210: 1, 40, 52, 30, 28, 51, 20, 37, 35, 95
Elf 211: 91, 66, 38, 4, 5, 86, 47, 97, 57, 31
Elf 212: 81, 23, 17, 42, 27, 19, 41, 67, 59, 51
Elf 213: 50, 61, 66, 95, 14, 17, 60, 94, 60, 49
Elf 214: 62, 74, 77, 86, 12, 75, 59, 22, 76, 45
Elf 215: 56, 61, 99, 44, 35, 63, 97, 43, 89, 39
Elf 216: 87, 6, 79, 65, 77, 95, 69, 60, 75, 6
Elf 217: 70, 28, 3, 82, 62, 95, 65, 27, 82, 64
Elf 218: 50, 49, 1, 18, 24, 94, 82, 88, 44, 98
Elf 219: 75, 11, 1, 12, 41, 79, 88, 51, 3, 34
Elf 220: 75, 42, 53, 86, 24, 85, 82, 53, 71, 82
Elf 221: 55, 7, 13, 82, 89, 44, 4, 58, 49, 72
Elf 222: 54, 10, 67, 18, 17, 57, 93, 58, 99, 18
Elf 223: 26, 82, 27, 55, 95, 3, 42, 68, 13, 35
Elf 224: 85, 82, 96, 86, 40, 76, 86, 84, 86, 80
Elf 225: 95, 56, 37, 8, 11, 47, 64, 87, 54, 65
Elf 226: 52, 79, 48, 61, 50, 63, 30, 79, 4, 37
Elf 227: 42, 82, 23, 68, 98, 31, 15, 68, 40, 36
Elf 228: 26, 59, 2, 41, 33, 13, 65, 20, 30, 47
Elf 229: 94, 70, 43, 64, 52, 2, 98, 71, 73, 10
Elf 230: 97, 89, 38, 27, 59, 19, 42, 48, 29, 63
Elf 231: 46, 19, 10, 45, 28, 17, 75, 92, 12, 60
Elf 232: 16, 72, 2, 72, 20, 21, 65, 10, 31, 96
Elf 233: 98, 7, 1, 37, 3, 74, 96, 10, 62, 50
Elf 234: 61, 25, 11, 32, 25, 32, 47, 3, 73, 44
Elf 235: 41, 85, 95, 97, 9, 15, 73, 18, 93, 2
Elf 236: 43, 100, 47, 64, 79, 70, 74, 75, 41, 22
Elf 237: 59, 24, 62, 86, 67, 68, 45, 87, 29, 35
Elf 238: 53, 72, 54, 5, 90, 63, 36, 96, 10, 81
Elf 239: 45, 27, 82, 22, 35, 65, 75, 32, 92, 45
Elf 240: 48, 92, 71, 98, 6, 19, 5, 85, 1, 76
Elf 241: 62, 53, 96, 63, 61, 97, 25, 59, 35, 10
Elf 242: 38, 64, 87, 95, 27, 82, 39, 72, 81, 62
Elf 243: 27, 40, 94, 98, 26, 38, 5, 92, 52, 16
Elf 244: 6, 59, 76, 53, 50, 15, 6, 46, 81, 85
Elf 245: 10, 83, 12, 22, 63, 32, 8, 82, 53, 10
Elf 246: 8, 57, 83, 16, 81, 76, 20, 57, 81, 54
Elf 247: 82, 8, 69, 4, 70, 93, 4, 82, 87, 91
Elf 248: 6, 15, 95, 10, 6, 80, 90, 94, 30, 81
Elf 249: 16, 90, 66, 43, 50, 46, 20, 57, 39, 11
Elf 250: 16, 60, 29, 61, 47, 10, 4, 48, 60, 100
Elf 251: 41, 98, 55, 17, 51, 76, 61, 98, 46, 76
Elf 252: 31, 83, 30, 99, 17, 69, 92, 64, 52, 20
Elf 253: 20, 26, 58, 24, 18, 68, 41, 83, 12, 25
Elf 254: 99, 17, 9, 96, 41, 59, 39, 53, 61, 72
Elf 255: 43, 30, 31, 42, 43, 92, 39, 54, 15, 25
Elf 256: 97, 44, 52, 87, 68, 18, 62, 73, 68, 25
Elf 257: 7, 56, 92, 68, 36, 100, 78, 73, 51, 91
Elf 258: 68, 78, 82, 60, 13, 41, 7, 50, 90, 20
Elf 259: 66, 82, 29, 62, 92, 45, 92, 28, 23, 37
Elf 260: 7, 4, 2, 100, 24, 46, 14, 17, 71, 95
Elf 261: 38, 56, 98, 33, 9, 100, 27, 23, 7, 68
Elf 262: 92, 100, 90, 69, 42, 88, 87, 46, 35, 28
Elf 263: 82, 56, 44, 40, 16, 30, 88, 45, 76, 87
Elf 264: 16, 72, 11, 49, 100, 50, 84, 49, 73, 62
Elf 265: 86, 91, 51, 48, 89, 41, 87, 51, 44, 76
Elf 266: 70, 11, 17, 95, 42, 11, 53, 33, 28, 18
Elf 267: 56, 93, 5, 77, 28, 100, 51, 87, 80, 5
Elf 268: 32, 91, 77, 14, 72, 40, 85, 59, 98, 74
Elf 269: 41, 84, 10, 76, 37, 46, 52, 62, 57, 98
Elf 270: 83, 47, 37, 27, 60, 92, 27, 29, 8, 93
Elf 271: 33, 9, 74, 36, 23, 89, 56, 90, 19, 42
Elf 272: 41, 99, 58, 88, 18, 20, 87, 76, 55, 14
Elf 273: 78, 81, 46, 99, 81, 66, 42, 13, 57, 2
Elf 274: 93, 59, 84, 86, 49, 5, 87, 31, 60, 40
Elf 275: 49, 93, 25, 28, 8, 71, 80, 9, 37, 47
Elf 276: 95, 85, 86, 95, 10, 57, 100, 20, 42, 44
Elf 277: 10, 78, 78, 52, 50, 19, 47, 45, 15, 59
Elf 278: 26, 32, 66, 3, 72, 96, 34, 90, 26, 87
Elf 279: 40, 13, 56, 53, 51, 38, 71, 68, 30, 94
Elf 280: 82, 98, 28, 7, 80, 97, 4, 99, 42, 93
Elf 281: 43, 41, 9, 2, 24, 49, 24, 44, 24, 25
Elf 282: 19, 76, 16, 72, 1, 61, 23, 98, 92, 98
Elf 283: 2, 95, 86, 31, 7, 5, 12, 62, 97, 52
Elf 284: 27, 38, 5, 59, 2, 12, 16, 45, 71, 8
Elf 285: 43, 54, 32, 58, 63, 32, 68, 100, 23, 47
Elf 286: 100, 43, 45, 55, 54, 28, 54, 49, 38, 54
Elf 287: 32, 10, 87, 53, 52, 95, 36, 99, 63, 26
Elf 288: 20, 15, 58, 55, 98, 92, 30, 86, 21, 70
Elf 289: 37, 24, 36, 64, 36, 74, 27, 24, 87, 76
Elf 290: 20, 71, 77, 43, 45, 15, 14, 47, 79, 47
Elf 291: 10, 63, 72, 8, 9, 44, 13, 15, 77, 26
Elf 292: 35, 78, 19, 76, 67, 15, 57, 80, 18, 49
Elf 293: 53, 86, 24, 23, 83, 97, 64, 77, 17, 15
Elf 294: 96, 90, 48, 12, 4, 54, 47, 18, 31, 89
Elf 295: 90, 20, 93, 13, 47, 31, 75, 34, 2, 63
Elf 296: 76, 66, 72, 76, 19, 39, 49, 91, 65, 66
Elf 297: 56, 2, 13, 54, 4, 21, 52, 94, 36, 43
Elf 298: 86, 68, 70, 58, 23, 62, 59, 56, 5, 15
Elf 299: 49, 42, 84, 17, 49, 15, 49, 52, 49, 82
Elf 300: 81, 11, 86, 76, 40, 70, 14, 55, 18, 71
Elf 301: 17, 38, 7, 4, 28, 56, 84, 17, 72, 72
Elf 302: 91, 6, 45, 30, 42, 46, 83, 92, 49, 45
Elf 303: 49, 74, 62, 37, 12, 52, 53, 83, 17, 7
Elf 304: 74, 21, 60, 59, 100, 77, 81, 36, 53, 80
Elf 305: 59, 8, 62, 50, 5, 94, 36, 31, 85, 77
Elf 306: 96, 4, 14, 71, 36, 1, 97, 87, 39, 3
Elf 307: 52, 24, 33, 46, 73, 78, 47, 42, 51, 12
Elf 308: 99, 41, 52, 6, 40, 83, 75, 85, 63, 88
Elf 309: 51, 49, 42, 78, 71, 12, 4, 27, 41, 6
Elf 310: 78, 37, 99, 59, 6, 51, 71, 81, 22, 74
Elf 311: 41, 91, 32, 47, 5, 94, 57, 77, 14, 82
Elf 312: 61, 18, 90, 90, 60, 26, 87, 49, 77, 78
Elf 313: 48, 94, 61, 60, 66, 32, 47, 87, 65, 29
Elf 314: 72, 87, 54, 33, 55, 17, 74, 10, 65, 8
Elf 315: 73, 69, 26, 23, 5, 89, 39, 25, 95, 81
Elf 316: 38, 72, 93, 63, 92, 27, 42, 16, 78, 61
Elf 317: 5, 29, 13, 58, 96, 95, 78, 2, 45, 79
Elf 318: 39, 79, 9, 99, 50, 62, 3, 32, 50, 29
Elf 319: 46, 1, 44, 4, 89, 11, 13, 46, 26, 45
Elf 320: 16, 90, 59, 74, 79, 100, 30, 1, 77, 9
Elf 321: 64, 4, 31, 89, 86, 33, 85, 52, 16, 15
Elf 322: 57, 90, 19, 98, 15, 26, 55, 72, 85, 5
Elf 323: 3, 15, 21, 99, 23, 42, 64, 32, 92, 41
Elf 324: 10, 13, 84, 29, 42, 50, 2, 33, 36, 21
Elf 325: 16, 83, 86, 57, 55, 99, 47, 63, 77, 8
Elf 326: 64, 50, 10, 82, 8, 13, 12, 65, 46, 3
Elf 327: 65, 77, 90, 97, 56, 8, 98, 66, 46, 75
Elf 328: 69, 5, 10, 100, 27, 41, 24, 77, 14, 61
Elf 329: 94, 95, 39, 30, 75, 4, 86, 93, 28, 83
Elf 330: 55, 76, 94, 78, 39, 61, 12, 56, 87, 86
Elf 331: 4, 11, 67, 58, 83, 82, 34, 35, 8, 16
Elf 332: 44, 22, 42, 29, 60, 77, 51, 71, 18, 90
Elf 333: 99, 42, 40, 60, 8, 55, 21, 58, 78, 54
Elf 334: 97, 10, 50, 31, 86, 41, 46, 19, 84, 27
Elf 335: 57, 34, 69, 75, 1, 2, 61, 60, 77, 82
Elf 336: 16, 80, 72, 65, 69, 30, 32, 73, 3, 42
Elf 337: 96, 75, 41, 12, 35, 97, 95, 34, 45, 10
Elf 338: 24, 23, 36, 51, 11, 73, 72, 43, 5, 86
Elf 339: 71, 5, 55, 73, 68, 49, 42, 45, 31, 8
Elf 340: 87, 63, 11, 6, 33, 19, 31, 82, 10, 95
Elf 341: 30, 71, 61, 46, 48, 37, 47, 97, 67, 80
Elf 342: 44, 72, 10, 26, 8, 80, 3, 84, 19, 75
Elf 343: 18, 90, 39, 13, 94, 78, 44, 73, 65, 81
Elf 344: 93, 92, 92, 47, 26, 70, 32, 50, 60, 30
Elf 345: 38, 92, 49, 65, 1, 77, 30, 92, 11, 93
Elf 346: 58, 79, 65, 74, 2, 12, 78, 90, 58, 10
Elf 347: 1, 37, 85, 45, 63, 32, 51, 69, 90, 76
Elf 348: 61, 75, 64, 31, 98, 18, 76, 85, 99, 18
Elf 349: 70, 52, 53, 11, 63, 35, 74, 3, 10, 32
Elf 350: 44, 23, 31, 1, 31, 71, 2, 93, 88, 31
Elf 351: 4, 82, 28, 85, 14, 62, 51, 8, 72, 94
Elf 352: 28, 17, 93, 81, 61, 63, 41, 13, 70, 88
Elf 353: 62, 26, 31, 21, 95, 45, 96, 40, 47, 65
Elf 354: 26, 37, 2, 15, 58, 84, 96, 15, 48, 88
Elf 355: 94, 29, 89, 56, 81, 69, 97, 57, 2, 32
Elf 356: 87, 57, 100, 61, 80, 57, 42, 77, 19, 32
Elf 357: 47, 49, 91, 86, 93, 13, 83, 90, 43, 11
Elf 358: 1, 80, 22, 47, 33, 67, 45, 48, 77, 77
Elf 359: 63, 29, 76, 50, 82, 10, 8, 75, 38, 58
Elf 360: 29, 90, 75, 24, 68, 9, 49, 36, 42, 2
Elf 361: 65, 64, 99, 28, 20, 50, 92, 9, 23, 10
Elf 362: 2, 32, 70, 40, 99, 62, 60, 29, 54, 38
Elf 363: 43, 69, 98, 48, 58, 10, 10, 6, 93, 72
Elf 364: 14, 49, 97, 36, 89, 26, 59, 32, 81, 95
Elf 365: 6, 61, 6, 100, 30, 27, 100, 28, 44, 62
Elf 366: 67, 58, 44, 66, 94, 83, 31, 19, 4, 47
Elf 367: 87, 4, 40, 39, 96, 84, 43, 90, 63, 91
Elf 368: 20, 1, 54, 23, 90, 68, 8, 99, 11, 64
Elf 369: 66, 47, 33, 62, 55, 75, 74, 41, 95, 96
Elf 370: 39, 61, 49, 98, 93, 31, 43, 73, 72, 18
Elf 371: 23, 78, 94, 39, 27, 11, 1, 4, 39, 47
Elf 372: 58, 15, 54, 71, 57, 6, 29, 1, 2, 87
Elf 373: 87, 58, 89, 89, 78, 37, 76, 28, 19, 40
Elf 374: 36, 49, 72, 21, 45, 58, 22, 20, 61, 53
Elf 375: 27, 95, 52, 73, 39, 59, 63, 50, 75, 66
Elf 376: 92, 94, 57, 9, 42, 32, 20, 40, 53, 82
Elf 377: 90, 94, 71, 24, 9, 2, 11, 31, 26, 47
Elf 378: 92, 63, 31, 78, 46, 88, 43, 87, 9, 86
Elf 379: 29, 98, 33, 68, 77, 65, 33, 53, 72, 14
Elf 380: 8, 100, 42, 87, 6, 44, 43, 16, 39, 72
Elf 381: 92, 54, 25, 53, 46, 37, 95, 78, 95, 54
Elf 382: 52, 13, 98, 8, 42, 55, 29, 48, 28, 58
Elf 383: 69, 59, 36, 38, 50, 46, 48, 49, 95, 61
Elf 384: 32, 62, 66, 59, 75, 9, 7, 69, 88, 6
Elf 385: 70, 68, 9, 41, 7, 98, 5, 19, 98, 15
Elf 386: 75, 23, 92, 80, 92, 72, 22, 51, 82, 54
Elf 387: 19, 41, 17, 88, 97, 34, 63, 53, 18, 42
Elf 388: 9, 34, 98, 92, 64, 55, 25, 55, 86, 68
Elf 389: 13, 69, 97, 19, 95, 27, 43, 85, 94, 96
Elf 390: 37, 75, 72, 22, 24, 38, 98, 67, 67, 44
Elf 391: 100, 16, 72, 39, 42, 32, 86, 88, 86, 97
Elf 392: 53, 30, 78, 59, 24, 10, 3, 60, 8, 64
Elf 393: 29, 15, 51, 16, 10, 20, 7, 94, 100, 12
Elf 394: 51, 17, 47, 66, 54, 39, 8, 98, 50, 44
Elf 395: 67, 8, 68, 25, 30, 76, 98, 55, 9, 99
Elf 396: 10, 34, 96, 52, 13, 64, 97, 77, 35, 2
Elf 397: 9, 11, 50, 11, 82, 39, 4, 94, 97, 63
Elf 398: 12, 43, 100, 53, 6, 93, 80, 38, 76, 27
Elf 399: 84, 48, 79, 33, 56, 51, 65, 39, 46, 30
Elf 400: 44, 2, 85, 50, 52, 50, 75, 67, 64, 81
Elf 401: 25, 98, 75, 51, 31, 8, 68, 97, 56, 5
Elf 402: 10, 51, 84, 28, 38, 24, 13, 6, 59, 18
Elf 403: 46, 16, 39, 52, 40, 84, 13, 12, 47, 70
Elf 404: 52, 3, 42, 15, 98, 10, 9, 30, 31, 87
Elf 405: 63, 6, 1, 27, 72, 86, 28, 87, 49, 50
Elf 406: 36, 67, 76, 14, 60, 52, 93, 24, 44, 44
Elf 407: 74, 31, 3, 52, 58, 80, 9, 90, 21, 49
Elf 408: 10, 97, 88, 30, 89, 19, 79, 17, 23, 74
Elf 409: 5, 78, 40, 22, 76, 38, 37, 26, 35, 81
Elf 410: 8, 74, 85, 70, 12, 25, 80, 57, 8, 90
Elf 411: 77, 100, 22, 91, 60, 3, 93, 10, 74, 90
Elf 412: 44, 26, 5, 92, 51, 96, 17, 55, 45, 47
Elf 413: 24, 95, 39, 69, 93, 26, 63, 85, 1, 29
Elf 414: 20, 33, 35, 99, 88, 54, 13, 92, 34, 87
Elf 415: 77, 78, 90, 75, 33, 89, 28, 49, 75, 46
Elf 416: 31, 9, 80, 81, 81, 35, 34, 14, 25, 41
Elf 417: 100, 72, 43, 20, 57, 88, 76, 15, 19, 66
Elf 418: 23, 17, 17, 43, 15, 19, 7, 48, 70, 8
Elf 419: 16, 54, 54, 14, 66, 51, 21, 1, 87, 19
Elf 420: 60, 4, 56, 70, 76, 91, 49, 19, 18, 2
Elf 421: 81, 80, 77, 94, 36, 88, 17, 15, 58, 66
Elf 422: 97, 35, 28, 33, 51, 30, 44, 100, 39, 83
Elf 423: 30, 10, 65, 51, 49, 2, 22, 30, 43, 47
Elf 424: 100, 33, 82, 17, 47, 83, 47, 39, 57, 9
Elf 425: 29, 8, 34, 5, 61, 34, 96, 57, 3, 80
Elf 426: 19, 80, 20, 87, 68, 11, 62, 40, 25, 33
Elf 427: 20, 70, 18, 3, 61, 68, 93, 93, 31, 92
Elf 428: 81, 93, 41, 68, 76, 97, 36, 86, 94, 65
Elf 429: 99, 3, 65, 56, 19, 51, 49, 31, 9, 88
Elf 430: 46, 16, 77, 33, 18, 100, 27, 97, 43, 43
Elf 431: 73, 60, 60, 51, 13, 61, 81, 85, 15, 96
Elf 432: 61, 60, 94, 7, 56, 21, 55, 39, 51, 71
Elf 433: 43, 28, 59, 47, 6, 19, 46, 58, 45, 70
Elf 434: 2, 30, 32, 9, 54, 77, 98, 26, 8, 53
Elf 435: 79, 91, 58, 29, 97, 65, 84, 75, 70, 22
Elf 436: 27, 81, 14, 43, 62, 49, 26, 98, 15, 31
Elf 437: 28, 90, 95, 95, 24, 82, 37, 1, 3, 70
Elf 438: 62, 34, 28, 9, 3, 27, 72, 95, 97, 43
Elf 439: 89, 86, 22, 87, 4, 54, 92, 59, 70, 15
Elf 440: 9, 88, 69, 71, 10, 95, 45, 30, 98, 25
Elf 441: 35, 24, 4, 75, 46, 89, 2, 59, 92, 95
Elf 442: 3, 68, 48, 57, 52, 80, 31, 43, 48, 45
Elf 443: 10, 38, 87, 76, 81, 75, 69, 99, 87, 6
Elf 444: 4, 4, 68, 75, 84, 12, 57, 53, 85, 16
Elf 445: 95, 94, 24, 69, 79, 95, 13, 88, 66, 79
Elf 446: 33, 44, 58, 55, 3, 58, 79, 6, 77, 17
Elf 447: 47, 38, 42, 44, 11, 76, 61, 45, 64, 22
Elf 448: 95, 7, 22, 16, 91, 64, 23, 29, 4, 13
Elf 449: 61, 36, 55, 20, 98, 14, 22, 93, 15, 4
Elf 450: 78, 41, 34, 1, 33, 90, 90, 20, 2, 23
Elf 451: 16, 26, 83, 33, 68, 40, 39, 17, 57, 37
Elf 452: 58, 29, 55, 10, 100, 50, 62, 94, 54, 84
Elf 453: 66, 39, 25, 23, 64, 55, 79, 66, 39, 88
Elf 454: 39, 19, 49, 55, 94, 6, 22, 73, 5, 40
Elf 455: 11, 43, 47, 34, 43, 46, 10, 67, 45, 14
Elf 456: 91, 77, 89, 66, 10, 81, 45, 58, 12, 30
Elf 457: 91, 1, 85, 22, 62, 23, 13, 36, 21, 92
Elf 458: 12, 15, 44, 59, 33, 74, 5, 12, 13, 56
Elf 459: 56, 6, 99, 43, 75, 45, 26, 62, 87, 5
Elf 460: 5, 33, 48, 36, 67, 85, 5, 26, 24, 60
Elf 461: 80, 39, 93, 86, 45, 10, 31, 72, 97, 38
Elf 462: 86, 86, 13, 90, 4, 53, 60, 15, 83, 6
Elf 463: 75, 43, 89, 95, 69, 58, 22, 49, 9, 52
Elf 464: 66, 61, 30, 55, 42, 1, 97, 60, 60, 71
Elf 465: 72, 45, 80, 20, 45, 5, 18, 80, 83, 18
Elf 466: 45, 33, 13, 11, 24, 56, 71, 64, 49, 35
Elf 467: 97, 7, 58, 33, 36, 19, 86, 3, 72, 29
Elf 468: 78, 8, 18, 94, 81, 2, 31, 84, 93, 43
Elf 469: 44, 67, 71, 3, 95, 88, 82, 11, 52, 70
Elf 470: 47, 74, 43, 58, 29, 49, 43, 23, 6, 61
Elf 471: 48, 81, 64, 45, 16, 81, 93, 68, 31, 85
Elf 472: 88, 85, 66, 25, 22, 96, 22, 42, 100, 39
Elf 473: 17, 59, 29, 97, 82, 87, 59, 7, 68, 89
Elf 474: 21, 38, 3, 23, 96, 93, 58, 89, 57, 2
Elf 475: 34, 77, 71, 55, 2, 23, 40, 51, 60, 60
Elf 476: 96, 23, 64, 73, 38, 78, 65, 12, 93, 31
Elf 477: 53, 69, 13, 52, 53, 56, 29, 43, 14, 36
Elf 478: 16, 87, 40, 5, 48, 67, 17, 42, 30, 12
Elf 479: 93, 70, 33, 97, 15, 92, 33, 25, 32, 84
Elf 480: 89, 62, 1, 7, 78, 68, 92, 33, 93, 77
Elf 481: 79, 69, 66, 32, 27, 93, 90, 11, 1, 61
Elf 482: 58, 83, 72, 24, 90, 72, 26, 85, 73, 81
Elf 483: 55, 78, 81, 66, 6, 89, 98, 91, 23, 23
Elf 484: 63, 95, 12, 16, 49, 12, 9, 17, 59, 32
Elf 485: 100, 56, 3, 74, 18, 66, 70, 25, 85, 98
Elf 486: 97, 47, 66, 35, 46, 100, 97, 25, 91, 2
Elf 487: 5, 58, 99, 75, 65, 97, 11, 36, 97, 13
Elf 488: 60, 21, 72, 55, 94, 42, 35, 70, 6, 94
Elf 489: 53, 43, 54, 86, 71, 91, 4, 15, 77, 29
Elf 490: 69, 75, 69, 13, 18, 77, 66, 11, 100, 86
Elf 491: 78, 84, 95, 30, 67, 18, 19, 9, 77, 26
Elf 492: 95, 96, 9, 78, 59, 50, 19, 46, 64, 12
Elf 493: 84, 34, 96, 9, 82, 69, 14, 97, 61, 90
Elf 494: 40, 44, 57, 59, 99, 85, 16, 74, 8, 96
Elf 495: 98, 50, 45, 58, 67, 56, 16, 45, 69, 58
Elf 496: 85, 68, 97, 1, 68, 86, 91, 7, 97, 61
Elf 497: 4, 32, 37, 68, 29, 14, 94, 19, 76, 11
Elf 498: 38, 91, 16, 35, 16, 1, 81, 79, 3, 96
Elf 499: 29, 90, 14, 22, 1, 28, 33, 97, 84, 87
Elf 500: 85, 70, 73, 42, 46, 62, 29, 5, 89, 77
Elf 501: 87, 84, 62, 49, 68, 60, 61, 79, 13, 24
Elf 502: 47, 10, 5, 27, 8, 17, 71, 9, 77, 34
Elf 503: 67, 15, 35, 86, 93, 74, 54, 13, 83, 3
Elf 504: 16, 54, 77, 54, 15, 56, 71, 76, 51, 79
Elf 505: 24, 4, 38, 8, 97, 22, 45, 46, 62, 4
Elf 506: 80, 72, 60, 44, 9, 35, 1, 76, 53, 90
Elf 507: 71, 75, 86, 90, 71, 41, 30, 21, 63, 91
Elf 508: 19, 96, 59, 72, 19, 92, 19, 84, 12, 4
Elf 509: 37, 88, 49, 92, 41, 20, 53, 32, 65, 52
Elf 510: 87, 55, 46, 92, 75, 45, 38, 65, 62, 1
Elf 511: 42, 66, 10, 40, 86, 65, 43, 64, 28, 16
Elf 512: 19, 39, 52, 72, 13, 83, 45, 57, 73, 31
Elf 513: 37, 41, 55, 40, 87, 76, 41, 5, 53, 42
Elf 514: 29, 60, 95, 3, 66, 91, 93, 91, 19, 35
Elf 515: 14, 34, 41, 9, 74, 62, 3, 26, 64, 60
Elf 516: 92, 62, 8, 62, 6, 22, 19, 18, 70, 70
Elf 517: 63, 99, 27, 38, 91, 76, 23, 66, 20, 90
Elf 518: 93, 52, 1, 89, 45, 57, 74, 85, 35, 90
Elf 519: 70, 74, 15, 54, 11, 41, 97, 29, 60, 71
Elf 520: 98, 19, 10, 91, 30, 36, 69, 81, 80, 43
Elf 521: 37, 24, 35, 62, 45, 30, 83, 95, 24, 16
Elf 522: 88, 91, 93, 87, 93, 6, 99, 56, 25, 10
Elf 523: 7, 94, 15, 83, 80, 31, 80, 27, 75, 20
Elf 524: 14, 40, 44, 83, 46, 17, 28, 68, 83, 85
Elf 525: 41, 58, 31, 20, 10, 71, 28, 28, 64, 64
Elf 526: 75, 47, 57, 93, 66, 30, 17, 86, 26, 48
Elf 527: 77, 83, 86, 81, 11, 95, 59, 78, 46, 74
Elf 528: 61, 37, 47, 6, 52, 100, 20, 59, 45, 97
Elf 529: 49, 91, 59, 58, 69, 35, 40, 75, 68, 35
Elf 530: 34, 32, 23, 5, 92, 6, 56, 7, 20, 86
Elf 531: 74, 49, 12, 12, 8, 94, 65, 47, 16, 37
Elf 532: 45, 66, 45, 41, 47, 1, 14, 16, 69, 33
Elf 533: 81, 59, 76, 17, 38, 29, 32, 28, 55, 57
Elf 534: 48, 95, 24, 3, 78, 32, 45, 45, 4, 49
Elf 535: 16, 71, 84, 93, 89, 75, 53, 33, 43, 59
Elf 536: 17, 36, 1, 33, 17, 100, 94, 74, 21, 63
Elf 537: 31, 12, 11, 19, 93, 42, 5, 27, 11, 69
Elf 538: 76, 56, 20, 91, 37, 53, 67, 16, 1, 71
Elf 539: 72, 64, 93, 15, 81, 38, 2, 45, 19, 1
Elf 540: 46, 34, 32, 12, 50, 51, 97, 11, 62, 9
Elf 541: 60, 33, 94, 30, 56, 30, 77, 82, 48, 54
Elf 542: 23, 35, 34, 10, 49, 20, 49, 33, 32, 86
Elf 543: 30, 58, 13, 45, 57, 15, 10, 30, 27, 67
Elf 544: 21, 12, 99, 71, 76, 16, 46, 58, 8, 99
Elf 545: 90, 79, 18, 53, 71, 79, 64, 78, 1, 62
Elf 546: 48, 35, 39, 99, 53, 97, 37, 64, 21, 45
Elf 547: 94, 71, 15, 78, 29, 60, 76, 99, 4, 2
Elf 548: 88, 71, 36, 59, 52, 24, 83, 32, 99, 35
Elf 549: 64, 20, 92, 51, 42, 14, 53, 35, 77, 48
Elf 550: 60, 82, 72, 54, 87, 83, 62, 55, 94, 95
Elf 551: 84, 90, 87, 33, 36, 16, 50, 98, 1, 95
Elf 552: 68, 45, 5, 13, 49, 65, 25, 67, 62, 55
Elf 553: 38, 21, 21, 20, 92, 65, 19, 62, 29, 96
Elf 554: 31, 74, 100, 91, 11, 33, 17, 55, 66, 73
Elf 555: 61, 6, 56, 92, 21, 43, 42, 6, 18, 92
Elf 556: 94, 44, 100, 11, 26, 88, 12, 6, 34, 48
Elf 557: 70, 1, 67, 16, 17, 68, 44, 42, 86, 69
Elf 558: 30, 14, 40, 27, 86, 2, 58, 58, 89, 98
Elf 559: 95, 94, 24, 20, 13, 16, 55, 39, 20, 75
Elf 560: 85, 9, 33, 40, 80, 15, 8, 26, 34, 65
Elf 561: 65, 75, 28, 73, 68, 56, 95, 97, 35, 90
Elf 562: 66, 75, 51, 9, 3, 77, 65, 27, 16, 64
Elf 563: 4, 100, 42, 78, 12, 87, 27, 11, 25, 92
Elf 564: 37, 89, 1, 5, 13, 49, 51, 96, 38, 55
Elf 565: 87, 93, 30, 9, 32, 26, 98, 79, 53, 9
Elf 566: 88, 52, 55, 56, 91, 36, 21, 7, 95, 37
Elf 567: 72, 93, 55, 72, 37, 52, 30, 69, 31, 11
Elf 568: 39, 10, 27, 92, 61, 77, 29, 27, 19, 30
Elf 569: 22, 91, 44, 37, 86, 81, 12, 11, 84, 7
Elf 570: 100, 99, 96, 47, 52, 56, 76, 60, 34, 99
Elf 571: 10, 51, 13, 62, 23, 84, 76, 75, 27, 69
Elf 572: 100, 13, 90, 40, 21, 87, 15, 49, 69, 90
Elf 573: 49, 23, 20, 9, 18, 36, 10, 45, 86, 63
Elf 574: 72, 18, 99, 26, 80, 18, 43, 3, 71, 54
Elf 575: 27, 2, 52, 39, 37, 22, 68, 90, 26, 46
Elf 576: 87, 91, 5, 31, 31, 2, 3, 33, 29, 29
Elf 577: 16, 60, 29, 64, 56, 3, 76, 6, 77, 57
Elf 578: 21, 83, 44, 2, 8, 100, 89, 69, 32, 41
Elf 579: 36, 11, 87, 31, 73, 96, 29, 65, 37, 35
Elf 580: 69, 16, 22, 37, 95, 76, 43, 5, 28, 100
Elf 581: 69, 52, 87, 57, 52, 97, 97, 67, 37, 36
Elf 582: 90, 23, 99, 71, 80, 57, 77, 81, 64, 41
Elf 583: 82, 56, 2, 88, 20, 74, 9, 77, 16, 7
Elf 584: 52, 35, 42, 67, 97, 98, 40, 67, 51, 10
Elf 585: 97, 37, 21, 77, 41, 53, 87, 65, 41, 97
Elf 586: 68, 69, 97, 60, 3, 68, 69, 20, 67, 18
Elf 587: 27, 17, 91, 97, 69, 64, 42, 87, 100, 44
Elf 588: 84, 97, 49, 77, 56, 70, 72, 89, 92, 7
Elf 589: 11, 14, 39, 99, 47, 26, 19, 89, 84, 2
Elf 590: 55, 23, 23, 24, 61, 48, 32, 14, 54, 3
Elf 591: 67, 44, 45, 11, 56, 33, 67, 60, 25, 9
Elf 592: 47, 82, 40, 10, 46, 68, 79, 91, 43, 66
Elf 593: 43, 50, 41, 82, 10, 2, 32, 49, 74, 5
Elf 594: 94, 40, 90, 43, 86, 97, 49, 87, 100, 3
Elf 595: 20, 66, 46, 87, 96, 82, 47, 30, 43, 25
Elf 596: 77, 63, 16, 34, 8, 19, 43, 99, 82, 16
Elf 597: 21, 39, 26, 9, 92, 68, 20, 32, 92, 33
Elf 598: 93, 49, 49, 8, 79, 44, 25, 36, 74, 55
Elf 599: 55, 93, 27, 35, 65, 61, 56, 45, 36, 59
Elf 600: 36, 37, 51, 44, 68, 91, 34, 13, 7, 2
Elf 601: 81, 8, 8, 33, 77, 67, 54, 10, 84, 12
Elf 602: 35, 86, 13, 26, 51, 31, 70, 4, 17, 52
Elf 603: 44, 88, 25, 61, 18, 56, 93, 69, 34, 25
Elf 604: 79, 65, 49, 70, 64, 5, 21, 98, 9, 69
Elf 605: 28, 27, 61, 69, 8, 32, 77, 15, 90, 53
Elf 606: 76, 90, 89, 88, 93, 19, 21, 10, 47, 42
Elf 607: 62, 55, 61, 18, 79, 53, 74, 56, 91, 75
Elf 608: 62, 54, 78, 99, 90, 67, 80, 28, 46, 36
Elf 609: 3, 47, 57, 37, 55, 79, 8, 92, 67, 60
Elf 610: 50, 6, 7, 25, 77, 24, 33, 95, 47, 1
Elf 611: 52, 4, 69, 42, 86, 53, 38, 78, 55, 65
Elf 612: 81, 38, 59, 55, 2, 46, 51, 47, 20, 22
Elf 613: 39, 45, 54, 36, 57, 99, 15, 55, 13, 96
Elf 614: 39, 15, 48, 2, 87, 71, 35, 81, 44, 45
Elf 615: 66, 54, 61, 41, 58, 22, 26, 19, 30, 80
Elf 616: 14, 72, 80, 90, 87, 4, 15, 1, 59, 79
Elf 617: 57, 35, 70, 21, 68, 75, 81, 19, 68, 86
Elf 618: 3, 48, 14, 95, 78, 65, 64, 5, 72, 18
Elf 619: 88, 56, 33, 3, 4, 56, 21, 63, 70, 95
Elf 620: 1, 21, 35, 28, 1, 37, 2, 39, 7, 61
Elf 621: 27, 94, 22, 24, 26, 99, 86, 8, 67, 75
Elf 622: 13, 3, 59, 48, 95, 45, 93, 88, 13, 76
Elf 623: 17, 92, 46, 35, 78, 26, 36, 24, 100, 16
Elf 624: 25, 66, 29, 73, 53, 26, 33, 8, 89, 57
Elf 625: 37, 92, 34, 86, 49, 12, 40, 7, 98, 47
Elf 626: 55, 25, 5, 50, 100, 74, 30, 91, 97, 83
Elf 627: 88, 43, 52, 81, 24, 71, 30, 81, 53, 45
Elf 628: 24, 4, 98, 70, 50, 29, 98, 39, 62, 64
Elf 629: 33, 93, 44, 19, 70, 98, 46, 58, 25, 65
Elf 630: 68, 73, 54, 33, 37, 59, 4, 33, 1, 96
Elf 631: 86, 88, 77, 81, 63, 65, 46, 68, 23, 80
Elf 632: 57, 7, 97, 86, 33, 34, 7, 58, 13, 85
Elf 633: 24, 98, 64, 40, 58, 90, 45, 67, 3, 37
Elf 634: 62, 58, 55, 84, 57, 59, 45, 70, 20, 64
Elf 635: 49, 94, 66, 86, 26, 73, 49, 25, 72, 97
Elf 636: 16, 93, 90, 24, 91, 58, 58, 97, 89, 97
Elf 637: 66, 67, 69, 49, 7, 12, 64, 2, 36, 97
Elf 638: 82, 100, 91, 30, 6, 19, 27, 27, 38, 32
Elf 639: 69, 44, 94, 78, 86, 85, 56, 1, 48, 71
Elf 640: 76, 1, 94, 35, 33, 14, 79, 25, 14, 15
Elf 641: 90, 6, 74, 95, 3, 85, 81, 34, 7, 82
Elf 642: 93, 74, 82, 34, 77, 94, 50, 74, 61, 67
Elf 643: 71, 63, 35, 5, 93, 36, 88, 89, 14, 37
Elf 644: 86, 50, 29, 80, 68, 75, 19, 66, 60, 85
Elf 645: 40, 34, 48, 97, 61, 51, 29, 2, 68, 80
Elf 646: 84, 48, 29, 65, 2, 10, 41, 44, 37, 96
Elf 647: 54, 69, 2, 62, 26, 22, 94, 52, 4, 14
Elf 648: 42, 24, 99, 94, 18, 26, 99, 42, 92, 38
Elf 649: 57, 4, 85, 59, 98, 25, 82, 55, 87, 59
Elf 650: 89, 34, 91, 36, 56, 33, 40, 89, 56, 30
Elf 651: 95, 67, 93, 88, 18, 71, 24, 50, 8, 37
Elf 652: 100, 80, 95, 11, 12, 37, 23, 84, 53, 81
Elf 653: 87, 38, 3, 40, 28, 44, 64, 96, 21, 19
Elf 654: 16, 60, 63, 53, 55, 84, 23, 74, 55, 34
Elf 655: 64, 19, 97, 59, 35, 13, 43, 16, 65, 10
Elf 656: 61, 13, 47, 12, 34, 49, 22, 15, 57, 21
Elf 657: 97, 89, 64, 30, 42, 75, 58, 60, 81, 1
Elf 658: 4, 64, 9, 20, 27, 11, 52, 26, 86, 82
Elf 659: 46, 73, 80, 94, 56, 74, 29, 24, 96, 8
Elf 660: 9, 72, 11, 27, 29, 78, 77, 32, 95, 9
Elf 661: 23, 5, 96, 60, 15, 76, 80, 21, 5, 27
Elf 662: 95, 65, 83, 52, 85, 97, 33, 40, 36, 72
Elf 663: 82, 57, 1, 100, 66, 30, 43, 5, 42, 60
Elf 664: 61, 78, 50, 54, 95, 92, 33, 81, 15, 38
Elf 665: 15, 35, 74, 65, 73, 69, 11, 62, 55, 98
Elf 666: 9, 27, 41, 81, 91, 11, 85, 3, 62, 43
Elf 667: 40, 62, 62, 55, 37, 84, 17, 1, 49, 59
Elf 668: 73, 46, 94, 53, 10, 86, 26, 8, 16, 95
Elf 669: 84, 21, 30, 66, 58, 95, 16, 5, 86, 27
Elf 670: 25, 88, 82, 35, 44, 29, 14, 70, 27, 44
Elf 671: 63, 35, 70, 76, 80, 71, 29, 60, 34, 94
Elf 672: 99, 12, 19, 67, 39, 80, 8, 32, 71, 51
Elf 673: 26, 75, 5, 11, 74, 46, 12, 68, 75, 32
Elf 674: 89, 3, 43, 69, 71, 99, 29, 59, 20, 44
Elf 675: 73, 82, 62, 5, 95, 78, 95, 11, 5, 65
Elf 676: 91, 93, 83, 31, 71, 51, 19, 92, 89, 69
Elf 677: 24, 37, 61, 88, 100, 81, 80, 54, 37, 80
Elf 678: 51, 65, 37, 6, 73, 28, 53, 64, 6, 44
Elf 679: 18, 49, 95, 93, 68, 45, 56, 84, 36, 63
Elf 680: 5, 89, 21, 50, 5, 66, 8, 19, 100, 19
Elf 681: 10, 68, 23, 57, 32, 58, 97, 71, 59, 86
Elf 682: 75, 27, 97, 99, 45, 64, 49, 32, 16, 55
Elf 683: 25, 16, 42, 23, 98, 96, 89, 86, 37, 32
Elf 684: 4, 14, 30, 22, 68, 2, 41, 61, 72, 84
Elf 685: 61, 27, 28, 29, 26, 49, 58, 68, 60, 17
Elf 686: 43, 60, 89, 76, 72, 73, 45, 49, 89, 3
Elf 687: 82, 3, 36, 33, 6, 55, 84, 96, 61, 56
Elf 688: 25, 65, 48, 15, 21, 18, 9, 33, 99, 88
Elf 689: 83, 77, 3, 65, 28, 27, 98, 46, 3, 45
Elf 690: 83, 38, 95, 53, 35, 62, 95, 44, 50, 70
Elf 691: 56, 58, 76, 61, 90, 1, 24, 3, 8, 77
Elf 692: 42, 10, 35, 87, 37, 55, 70, 83, 76, 18
Elf 693: 40, 17, 82, 66, 52, 95, 43, 33, 75, 15
Elf 694: 69, 73, 10, 87, 48, 76, 98, 52, 15, 89
Elf 695: 43, 39, 90, 94, 52, 71, 54, 28, 7, 79
Elf 696: 15, 98, 2, 70, 59, 9, 52, 81, 62, 99
Elf 697: 100, 38, 5, 33, 86, 7, 58, 89, 42, 54
Elf 698: 82, 45, 99, 90, 93, 34, 51, 99, 83, 38
Elf 699: 71, 6, 8, 84, 6, 1, 50, 86, 46, 90
Elf 700: 11, 83, 4, 94, 57, 52, 22, 44, 1, 82
Elf 701: 96, 20, 34, 8, 37, 73, 45, 15, 79, 74
Elf 702: 94, 21, 30, 46, 46, 26, 42, 35, 100, 38
Elf 703: 30, 5, 41, 53, 61, 70, 68, 26, 84, 53
Elf 704: 80, 15, 42, 88, 71, 62, 49, 32, 59, 14
Elf 705: 23, 41, 13, 8, 63, 62, 58, 83, 24, 76
Elf 706: 37, 14, 88, 65, 77, 21, 61, 52, 71, 44
Elf 707: 54, 65, 45, 23, 58, 58, 5, 91, 20, 77
Elf 708: 86, 98, 93, 37, 92, 49, 73, 82, 98, 38
Elf 709: 14, 85, 16, 35, 83, 16, 31, 55, 30, 75
Elf 710: 29, 53, 87, 89, 99, 71, 35, 97, 84, 43
Elf 711: 3, 18, 74, 31, 26, 55, 25, 80, 41, 87
Elf 712: 81, 83, 28, 33, 91, 51, 51, 46, 32, 66
Elf 713: 91, 49, 28, 55, 58, 100, 35, 42, 24, 46
Elf 714: 60, 53, 78, 30, 77, 95, 42, 49, 98, 94
Elf 715: 75, 15, 17, 54, 85, 92, 5, 8, 31, 43
Elf 716: 2, 6, 92, 27, 32, 77, 87, 75, 16, 21
Elf 717: 14, 21, 1, 72, 51, 39, 72, 12, 95, 99
Elf 718: 22, 39, 20, 55, 37, 87, 9, 12, 71, 50
Elf 719: 73, 69, 62, 45, 81, 100, 30, 29, 28, 24
Elf 720: 60, 55, 38, 70, 38, 99, 94, 65, 53, 8
Elf 721: 36, 74, 75, 19, 4, 83, 10, 93, 25, 44
Elf 722: 53, 100, 31, 92, 72, 97, 28, 5, 49, 12
Elf 723: 34, 54, 45, 41, 73, 62, 6, 6, 22, 81
Elf 724: 33, 56, 13, 38, 6, 58, 88, 4, 27, 34
Elf 725: 61, 17, 1, 46, 7, 95, 6, 50, 27, 32
Elf 726: 77, 57, 26, 15, 10, 67, 2, 43, 73, 36
Elf 727: 44, 5, 47, 31, 53, 61, 48, 67, 27, 97
Elf 728: 77, 13, 70, 25, 1, 35, 52, 39, 65, 54
Elf 729: 48, 38, 57, 10, 58, 84, 61, 3, 42, 99
Elf 730: 42, 90, 57, 13, 60, 46, 78, 33, 97, 89
Elf 731: 20, 66, 88, 68, 30, 98, 21, 19, 59, 63
Elf 732: 83, 54, 94, 23, 93, 70, 34, 4, 77, 92
Elf 733: 34, 80, 82, 89, 77, 82, 3, 19, 94, 17
Elf 734: 67, 75, 95, 13, 11, 88, 70, 9, 33, 82
Elf 735: 27, 99, 84, 72, 1, 82, 36, 11, 92, 45
Elf 736: 41, 6, 7, 32, 80, 20, 55, 34, 66, 16
Elf 737: 53, 84, 84, 68, 86, 31, 7, 77, 13, 27
Elf 738: 41, 56, 65, 86, 70, 9, 49, 11, 1, 75
Elf 739: 29, 38, 86, 97, 33, 42, 81, 39, 36, 85
Elf 740: 70, 42, 1, 8, 4, 58, 80, 23, 73, 48
Elf 741: 4, 81, 44, 43, 22, 28, 47, 96, 9, 11
Elf 742: 36, 24, 69, 15, 14, 51, 43, 94, 21, 8
Elf 743: 46, 79, 75, 57, 9, 64, 47, 57, 57, 88
Elf 744: 64, 34, 14, 37, 43, 86, 8, 100, 72, 84
Elf 745: 71, 90, 33, 87, 44, 63, 58, 32, 24, 45
Elf 746: 34, 72, 91, 55, 53, 69, 49, 79, 40, 5
Elf 747: 18, 5, 5, 4, 9, 53, 57, 18, 24, 34
Elf 748: 5, 70, 42, 70, 44, 27, 21, 75, 54, 69
Elf 749: 93, 75, 28, 44, 86, 29, 14, 59, 24, 53
Elf 750: 54, 66, 82, 31, 18, 15, 57, 80, 85, 96
Elf 751: 75, 78, 43, 89, 18, 60, 61, 73, 35, 31
Elf 752: 57, 74, 26, 96, 83, 17, 19, 7, 58, 27
Elf 753: 52, 59, 74, 1, 43, 35, 13, 87, 22, 7
Elf 754: 85, 13, 33, 100, 59, 86, 4, 11, 85, 46
Elf 755: 51, 55, 59, 92, 95, 23, 28, 63, 22, 45
Elf 756: 12, 87, 21, 44, 23, 22, 3, 60, 69, 93
Elf 757: 66, 89, 9, 75, 47, 47, 22, 22, 66, 81
Elf 758: 18, 10, 11, 40, 60, 98, 1, 78, 60, 21
Elf 759: 26, 54, 81, 14, 53, 39, 58, 7, 18, 34
Elf 760: 79, 49, 81, 11, 87, 60, 98, 69, 85, 65
Elf 761: 12, 14, 8, 41, 5, 3, 49, 100, 78, 36
Elf 762: 25, 46, 96, 89, 6, 18, 26, 100, 41, 61
Elf 763: 11, 78, 4, 17, 40, 44, 9, 33, 19, 31
Elf 764: 62, 48, 3, 78, 21, 61, 6, 8, 22, 1
Elf 765: 94, 20, 20, 99, 58, 98, 87, 39, 74, 76
Elf 766: 70, 18, 18, 34, 16, 88, 99, 7, 42, 70
Elf 767: 66, 16, 35, 56, 12, 47, 62, 55, 55, 56
Elf 768: 45, 15, 95, 31, 5, 43, 49, 97, 12, 65
Elf 769: 77, 63, 80, 24, 94, 58, 19, 83, 82, 26
Elf 770: 7, 59, 9, 48, 42, 10, 11, 2, 34, 57
Elf 771: 79, 36, 16, 80, 58, 5, 75, 46, 6, 32
Elf 772: 47, 47, 22, 73, 91, 65, 66, 32, 75, 64
Elf 773: 72, 20, 80, 76, 95, 34, 74, 21, 30, 34
Elf 774: 30, 15, 77, 44, 67, 45, 81, 28, 36, 55
Elf 775: 58, 67, 13, 66, 51, 29, 92, 27, 20, 75
Elf 776: 42, 61, 21, 60, 47, 87, 33, 83, 2, 79
Elf 777: 12, 51, 61, 47, 11, 30, 90, 96, 37, 34
Elf 778: 24, 14, 79, 18, 58, 91, 80, 68, 65, 81
Elf 779: 75, 65, 73, 8, 15, 91, 77, 73, 69, 21
Elf 780: 62, 79, 35, 14, 50, 99, 33, 79, 25, 10
Elf 781: 44, 100, 41, 25, 16, 65, 77, 57, 38, 4
Elf 782: 66, 26, 15, 87, 77, 77, 76, 10, 7, 3
Elf 783: 73, 8, 12, 44, 92, 50, 26, 56, 46, 74
Elf 784: 24, 81, 19, 90, 60, 12, 70, 15, 33, 15
Elf 785: 31, 74, 81, 10, 30, 87, 6, 7, 67, 24
Elf 786: 39, 100, 66, 25, 49, 74, 40, 86, 2, 68
Elf 787: 41, 48, 46, 88, 19, 82, 19, 25, 4, 4
Elf 788: 12, 70, 54, 51, 73, 83, 45, 18, 69, 20
Elf 789: 23, 33, 17, 8, 28, 62, 65, 4, 49, 96
Elf 790: 1, 29, 70, 45, 65, 68, 96, 69, 47, 96
Elf 791: 88, 84, 45, 18, 86, 63, 25, 56, 13, 10
Elf 792: 14, 34, 29, 11, 13, 53, 37, 38, 1, 86
Elf 793: 13, 7, 17, 2, 67, 37, 32, 7, 70, 61
Elf 794: 15, 97, 60, 57, 15, 32, 20, 37, 67, 50
Elf 795: 18, 23, 72, 59, 75, 95, 12, 70, 71, 57
Elf 796: 29, 89, 45, 70, 97, 21, 100, 57, 42, 72
Elf 797: 87, 94, 61, 29, 99, 2, 96, 49, 79, 54
Elf 798: 9, 57, 67, 10, 71, 68, 35, 57, 61, 49
Elf 799: 10, 80, 13, 43, 22, 52, 80, 100, 67, 62
Elf 800: 97, 22, 36, 22, 77, 22, 49, 26, 85, 43
Elf 801: 49, 36, 3, 60, 95, 53, 99, 34, 23, 97
Elf 802: 22, 61, 81, 63, 62, 6, 29, 86, 23, 80
Elf 803: 45, 96, 64, 54, 76, 95, 69, 100, 47, 74
Elf 804: 41, 71, 58, 24, 60, 56, 30, 52, 21, 91
Elf 805: 60, 23, 92, 90, 71, 60, 71, 5, 81, 11
Elf 806: 33, 56, 27, 16, 72, 64, 65, 59, 59, 20
Elf 807: 65, 9, 71, 86, 44, 87, 83, 53, 52, 16
Elf 808: 65, 68, 41, 72, 26, 39, 24, 3, 73, 58
Elf 809: 78, 99, 60, 36, 6, 34, 56, 100, 79, 96
Elf 810: 41, 17, 17, 72, 55, 6, 51, 65, 30, 6
Elf 811: 79, 18, 9, 77, 24, 53, 30, 55, 32, 54
Elf 812: 84, 96, 14, 89, 100, 23, 2, 65, 44, 15
Elf 813: 72, 63, 1, 12, 80, 66, 46, 35, 21, 73
Elf 814: 29, 14, 76, 86, 63, 24, 37, 80, 15, 58
Elf 815: 62, 93, 29, 62, 53, 73, 46, 45, 35, 16
Elf 816: 45, 98, 60, 20, 31, 92, 53, 2, 9, 62
Elf 817: 10, 24, 91, 97, 91, 21, 68, 31, 59, 30
Elf 818: 91, 98, 96, 20, 59, 52, 82, 72, 49, 11
Elf 819: 59, 78, 53, 82, 8, 51, 39, 86, 41, 77
Elf 820: 1, 66, 34, 43, 49, 7, 37, 59, 88, 28
Elf 821: 78, 1, 45, 85, 3, 32, 53, 74, 98, 51
Elf 822: 64, 12, 27, 61, 22, 11, 28, 46, 66, 1
Elf 823: 30, 10, 40, 93, 5, 22, 27, 57, 70, 71
Elf 824: 4, 63, 65, 57, 38, 20, 23, 83, 18, 13
Elf 825: 94, 92, 32, 22, 18, 6, 44, 41, 21, 61
Elf 826: 81, 22, 56, 53, 16, 81, 45, 60, 55, 26
Elf 827: 33, 21, 60, 96, 15, 100, 54, 87, 17, 10
Elf 828: 9, 86, 78, 29, 39, 2, 75, 4, 48, 99
Elf 829: 85, 97, 85, 45, 26, 71, 67, 43, 11, 3
Elf 830: 11, 83, 47, 4, 61, 75, 68, 49, 97, 61
Elf 831: 24, 38, 19, 38, 71, 79, 49, 15, 2, 20
Elf 832: 57, 72, 90, 85, 12, 4, 28, 27, 97, 97
Elf 833: 91, 61, 55, 73, 90, 24, 78, 13, 34, 16
Elf 834: 10, 51, 39, 40, 93, 56, 51, 75, 66, 13
Elf 835: 32, 77, 58, 22, 1, 33, 25, 5, 4, 5
Elf 836: 38, 62, 4, 14, 29, 18, 69, 3, 15, 78
Elf 837: 99, 31, 31, 56, 44, 63, 27, 40, 100, 71
Elf 838: 56, 62, 85, 66, 41, 8, 34, 97, 12, 5
Elf 839: 50, 57, 69, 19, 79, 20, 45, 34, 67, 34
Elf 840: 80, 94, 48, 49, 89, 57, 46, 30, 32, 92
Elf 841: 61, 35, 2, 3, 100, 29, 8, 67, 6, 14
Elf 842: 75, 3, 65, 49, 89, 2, 98, 78, 18, 81
Elf 843: 92, 82, 73, 61, 20, 94, 2, 57, 5, 29
Elf 844: 11, 87, 40, 28, 79, 58, 35, 60, 2, 70
Elf 845: 36, 77, 11, 31, 36, 38, 59, 99, 7, 27
Elf 846: 51, 2, 89, 4, 34, 98, 60, 20, 70, 22
Elf 847: 5, 36, 97, 87, 61, 64, 2, 21, 8, 27
Elf 848: 40, 9, 44, 76, 79, 31, 23, 90, 15, 74
Elf 849: 51, 97, 74, 96, 35, 47, 56, 19, 78, 83
Elf 850: 29, 45, 59, 52, 63, 39, 77, 7, 11, 58
Elf 851: 52, 30, 47, 74, 88, 58, 90, 99, 53, 51
Elf 852: 36, 56, 45, 21, 33, 19, 45, 32, 43, 53
Elf 853: 18, 67, 52, 9, 5, 25, 42, 65, 94, 1
Elf 854: 58, 89, 94, 8, 99, 90, 39, 31, 66, 52
Elf 855: 89, 29, 4, 62, 19, 71, 11, 18, 73, 92
Elf 856: 54, 31, 89, 13, 57, 48, 11, 79, 10, 31
Elf 857: 5, 20, 17, 33, 13, 100, 68, 56, 91, 64
Elf 858: 9, 15, 63, 81, 74, 73, 82, 30, 42, 47
Elf 859: 57, 76, 16, 37, 85, 34, 44, 85, 70, 31
Elf 860: 9, 12, 13, 55, 21, 23, 58, 23, 74, 5
Elf 861: 74, 74, 19, 77, 55, 24, 93, 76, 87, 72
Elf 862: 16, 15, 50, 73, 42, 51, 73, 79, 68, 89
Elf 863: 50, 11, 38, 81, 43, 31, 36, 46, 65, 50
Elf 864: 21, 36, 2, 98, 97, 51, 56, 24, 67, 64
Elf 865: 37, 77, 3, 18, 85, 49, 45, 57, 16, 45
Elf 866: 14, 35, 25, 62, 42, 93, 97, 77, 90, 83
Elf 867: 34, 57, 12, 44, 55, 17, 47, 43, 20, 17
Elf 868: 85, 11, 28, 17, 32, 84, 6, 58, 39, 92
Elf 869: 15, 42, 59, 64, 2, 29, 82, 8, 23, 48
Elf 870: 11, 38, 11, 79, 30, 3, 67, 1, 32, 75
Elf 871: 32, 56, 1, 5, 79, 51, 67, 11, 75, 9
Elf 872: 6, 66, 93, 94, 30, 83, 50, 40, 15, 41
Elf 873: 99, 47, 12, 77, 67, 6, 33, 55, 21, 17
Elf 874: 65, 8, 54, 22, 1, 28, 11, 5, 2, 64
Elf 875: 68, 10, 13, 10, 62, 92, 17, 7, 69, 25
Elf 876: 98, 29, 48, 98, 64, 100, 41, 5, 29, 46
Elf 877: 53, 27, 98, 49, 48, 93, 14, 79, 18, 97
Elf 878: 18, 48, 61, 11, 38, 58, 23, 52, 38, 38
Elf 879: 76, 54, 30, 60, 76, 73, 37, 41, 19, 98
Elf 880: 91, 59, 37, 94, 68, 52, 11, 90, 92, 32
Elf 881: 61, 53, 66, 36, 14, 73, 32, 25, 42, 24
Elf 882: 87, 56, 53, 64, 78, 32, 83, 69, 94, 3
Elf 883: 76, 88, 49, 42, 41, 96, 91, 42, 57, 41
Elf 884: 25, 17, 17, 94, 48, 80, 26, 53, 75, 6
Elf 885: 55, 77, 60, 85, 7, 4, 50, 9, 14, 80
Elf 886: 28, 3, 27, 46, 95, 19, 49, 46, 85, 59
Elf 887: 19, 10, 19, 71, 29, 81, 92, 51, 32, 82
Elf 888: 50, 30, 51, 67, 56, 23, 55, 68, 43, 41
Elf 889: 52, 91, 92, 11, 78, 24, 77, 58, 76, 77
Elf 890: 11, 24, 33, 30, 25, 55, 27, 48, 61, 63
Elf 891: 99, 66, 87, 27, 69, 81, 15, 15, 73, 96
Elf 892: 39, 76, 68, 63, 91, 61, 60, 7, 57, 37
Elf 893: 69, 35, 54, 9, 3, 98, 3, 47, 29, 4
Elf 894: 47, 38, 48, 53, 21, 43, 65, 20, 8, 32
Elf 895: 78, 40, 70, 68, 22, 95, 5, 7, 69, 82
Elf 896: 20, 53, 77, 48, 23, 20, 20, 63, 37, 70
Elf 897: 75, 58, 77, 68, 38, 21, 91, 61, 89, 94
Elf 898: 20, 25, 70, 82, 73, 22, 44, 5, 37, 21
Elf 899: 42, 28, 45, 58, 44, 82, 3, 27, 62, 89
Elf 900: 88, 88, 54, 51, 78, 71, 77, 30, 25, 35
Elf 901: 88, 22, 100, 18, 25, 68, 98, 86, 61, 6
Elf 902: 95, 1, 81, 38, 82, 44, 80, 20, 7, 56
Elf 903: 40, 30, 94, 23, 9, 15, 57, 96, 20, 82
Elf 904: 85, 93, 14, 44, 92, 65, 60, 36, 27, 14
Elf 905: 46, 10, 97, 34, 77, 70, 15, 76, 82, 79
Elf 906: 60, 24, 96, 73, 88, 52, 9, 13, 31, 48
Elf 907: 64, 65, 78, 12, 83, 41, 81, 65, 98, 13
Elf 908: 12, 81, 64, 76, 38, 51, 14, 19, 59, 80
Elf 909: 45, 56, 99, 26, 44, 58, 50, 100, 88, 11
Elf 910: 37, 37, 22, 98, 7, 93, 69, 39, 63, 80
Elf 911: 86, 40, 71, 80, 34, 44, 59, 6, 73, 85
Elf 912: 5, 47, 27, 83, 48, 38, 15, 38, 82, 58
Elf 913: 57, 23, 14, 58, 31, 32, 57, 30, 91, 46
Elf 914: 62, 83, 60, 91, 58, 7, 71, 31, 58, 59
Elf 915: 82, 49, 94, 10, 72, 50, 89, 52, 22, 23
Elf 916: 72, 67, 64, 73, 22, 80, 53, 57, 33, 41
Elf 917: 26, 63, 6, 40, 30, 20, 25, 65, 93, 85
Elf 918: 60, 89, 88, 4, 57, 98, 100, 13, 83, 90
Elf 919: 23, 17, 57, 59, 53, 43, 84, 78, 34, 22
Elf 920: 48, 94, 45, 99, 22, 41, 40, 47, 68, 87
Elf 921: 78, 91, 19, 86, 27, 35, 44, 11, 63, 49
Elf 922: 58, 4, 86, 97, 89, 95, 22, 69, 66, 91
Elf 923: 39, 68, 83, 13, 78, 90, 74, 24, 4, 43
Elf 924: 54, 70, 59, 64, 86, 46, 33, 97, 68, 71
Elf 925: 81, 77, 44, 19, 26, 65, 38, 34, 60, 18
Elf 926: 88, 40, 79, 50, 37, 32, 23, 93, 95, 81
Elf 927: 29, 2, 71, 20, 14, 81, 36, 46, 63, 97
Elf 928: 82, 26, 35, 92, 97, 41, 31, 98, 84, 36
Elf 929: 37, 49, 45, 83, 29, 54, 92, 71, 78, 33
Elf 930: 85, 47, 79, 95, 44, 51, 80, 77, 95, 9
Elf 931: 92, 25, 32, 35, 98, 17, 94, 8, 93, 76
Elf 932: 5, 74, 77, 16, 100, 33, 2, 15, 43, 33
Elf 933: 81, 23, 19, 67, 34, 88, 13, 25, 47, 96
Elf 934: 21, 38, 22, 80, 75, 43, 28, 52, 82, 15
Elf 935: 32, 51, 76, 10, 51, 36, 72, 3, 81, 71
Elf 936: 26, 97, 73, 50, 90, 73, 86, 44, 87, 80
Elf 937: 96, 64, 62, 64, 7, 16, 49, 63, 70, 68
Elf 938: 69, 36, 27, 18, 40, 43, 34, 76, 89, 63
Elf 939: 6, 55, 90, 96, 48, 67, 76, 85, 63, 86
Elf 940: 84, 90, 77, 24, 43, 91, 57, 7, 94, 59
Elf 941: 44, 62, 6, 84, 72, 91, 1, 19, 5, 71
Elf 942: 42, 66, 85, 20, 52, 28, 14, 1, 90, 36
Elf 943: 80, 20, 13, 22, 11, 34, 67, 68, 42, 30
Elf 944: 47, 14, 96, 1, 8, 85, 14, 62, 53, 19
Elf 945: 69, 16, 10, 79, 56, 92, 50, 27, 69, 50
Elf 946: 59, 31, 98, 84, 100, 42, 88, 71, 90, 92
Elf 947: 74, 68, 56, 37, 82, 13, 75, 53, 95, 6
Elf 948: 57, 82, 34, 81, 17, 78, 3, 95, 38, 90
Elf 949: 53, 96, 48, 46, 45, 92, 68, 49, 80, 74
Elf 950: 12, 16, 39, 13, 84, 13, 15, 59, 61, 41
Elf 951: 85, 69, 38, 2, 57, 47, 92, 71, 46, 9
Elf 952: 7, 30, 65, 89, 47, 60, 40, 55, 74, 56
Elf 953: 81, 47, 98, 88, 57, 75, 30, 46, 68, 12
Elf 954: 75, 78, 35, 5, 88, 19, 38, 27, 74, 72
Elf 955: 15, 63, 32, 31, 79, 30, 66, 43, 8, 11
Elf 956: 47, 47, 50, 97, 27, 89, 76, 8, 8, 29
Elf 957: 53, 59, 91, 15, 12, 65, 73, 32, 80, 78
Elf 958: 3, 22, 70, 4, 13, 2, 74, 47, 74, 64
Elf 959: 3, 21, 48, 40, 76, 88, 47, 55, 56, 72
Elf 960: 9, 20, 58, 29, 54, 81, 39, 7, 66, 15
Elf 961: 88, 44, 93, 72, 33, 85, 11, 71, 52, 44
Elf 962: 29, 68, 35, 69, 14, 26, 9, 65, 63, 97
Elf 963: 30, 52, 5, 72, 94, 55, 64, 23, 86, 35
Elf 964: 63, 52, 7, 32, 5, 51, 3, 17, 23, 36
Elf 965: 2, 58, 80, 30, 6, 74, 93, 32, 8, 66
Elf 966: 93, 30, 94, 42, 55, 30, 19, 39, 44, 26
Elf 967: 17, 89, 64, 31, 53, 2, 68, 95, 38, 64
Elf 968: 70, 71, 76, 49, 35, 73, 30, 64, 34, 21
Elf 969: 72, 91, 9, 4, 56, 19, 42, 15, 61, 26
Elf 970: 75, 4, 33, 20, 21, 59, 7, 62, 49, 19
Elf 971: 24, 35, 90, 59, 1, 44, 95, 1, 97, 48
Elf 972: 33, 61, 26, 98, 64, 82, 5, 2, 28, 29
Elf 973: 7, 57, 27, 19, 40, 74, 16, 71, 7, 42
Elf 974: 32, 20, 37, 70, 91, 86, 63, 21, 98, 85
Elf 975: 58, 36, 31, 47, 39, 48, 62, 38, 79, 6
Elf 976: 24, 16, 35, 27, 87, 59, 97, 44, 94, 80
Elf 977: 3, 84, 4, 95, 9, 36, 59, 9, 35, 52
Elf 978: 69, 14, 54, 25, 36, 48, 66, 3, 7, 99
Elf 979: 84, 87, 70, 1, 4, 100, 35, 56, 66, 66
Elf 980: 61, 80, 53, 91, 85, 78, 95, 78, 2, 34
Elf 981: 39, 30, 5, 34, 1, 86, 85, 9, 78, 65
Elf 982: 89, 30, 13, 86, 70, 38, 2, 26, 83, 97
Elf 983: 17, 83, 44, 56, 4, 15, 28, 19, 100, 32
Elf 984: 19, 97, 70, 27, 53, 16, 81, 43, 21, 32
Elf 985: 89, 34, 32, 30, 27, 26, 38, 48, 40, 99
Elf 986: 38, 22, 1, 19, 63, 11, 33, 77, 31, 58
Elf 987: 98, 62, 6, 69, 96, 59, 3, 40, 42, 48
Elf 988: 49, 58, 61, 31, 30, 61, 100, 19, 14, 48
Elf 989: 58, 5, 100, 82, 72, 42, 94, 11, 38, 72
Elf 990: 64, 80, 60, 58, 58, 78, 29, 47, 93, 9
Elf 991: 66, 44, 69, 47, 72, 90, 42, 82, 66, 59
Elf 992: 38, 78, 68, 90, 26, 53, 67, 32, 43, 15
Elf 993: 17, 16, 78, 98, 82, 42, 1, 63, 39, 65
Elf 994: 59, 95, 36, 66, 24, 38, 51, 49, 98, 23
Elf 995: 87, 22, 74, 3, 40, 29, 100, 20, 14, 44
Elf 996: 66, 58, 2, 42, 36, 55, 58, 15, 32, 14
Elf 997: 12, 2, 88, 49, 96, 20, 91, 2, 27, 73
Elf 998: 72, 67, 64, 63, 87, 93, 86, 38, 91, 87
Elf 999: 24, 99, 23, 67, 10, 88, 38, 99, 41, 97
Elf 1000: 38, 34, 28, 26, 11, 2, 38, 8, 50, 16
Elf 1001: 21, 59, 97, 14, 70, 19, 85, 61, 7, 32
Elf 1002: 17, 27, 26, 2, 17, 80, 6, 73, 54, 8
Elf 1003: 82, 39, 80, 76, 92, 92, 90, 88, 82, 57
Elf 1004: 69, 17, 73, 34, 71, 5, 80, 30, 66, 69
Elf 1005: 51, 80, 57, 38, 16, 44, 34, 93, 22, 82
Elf 1006: 13, 54, 44, 82, 74, 40, 80, 22, 12, 15
Elf 1007: 13, 35, 91, 34, 13, 22, 50, 39, 90, 77
Elf 1008: 58, 100, 89, 31, 12, 49, 62, 22, 92, 35
Elf 1009: 78, 38, 89, 10, 10, 81, 22, 18, 82, 49
Elf 1010: 37, 2, 61, 84, 92, 52, 22, 44, 37, 45
Elf 1011: 74, 92, 40, 34, 44, 78, 67, 55, 59, 36
Elf 1012: 42, 22, 62, 45, 93, 33, 29, 91, 9, 27
Elf 1013: 16, 32, 45, 29, 35, 24, 36, 22, 41, 11
Elf 1014: 87, 64, 85, 60, 62, 46, 77, 36, 75, 95
Elf 1015: 58, 20, 20, 33, 37, 32, 59, 51, 68, 82
Elf 1016: 88, 88, 8, 21, 89, 91, 19, 5, 59, 61
Elf 1017: 8, 54, 14, 85, 83, 59, 44, 52, 14, 44
Elf 1018: 79, 59, 78, 93, 58, 76, 97, 89, 54, 23
Elf 1019: 3, 82, 9, 46, 67, 28, 8, 60, 66, 79
Elf 1020: 93, 99, 99, 82, 83, 83, 31, 9, 56, 20
Elf 1021: 55, 34, 17, 45, 62, 94, 57, 52, 76, 67
Elf 1022: 82, 91, 37, 28, 70, 17, 13, 75, 29, 96
Elf 1023: 76, 56, 7, 41, 97, 49, 93, 13, 65, 23
Elf 1024: 72, 66, 72, 92, 37, 33, 79, 29, 6, 63
Elf 1025: 95, 8, 40, 77, 75, 100, 9, 6, 96, 84
Elf 1026: 16, 43, 86, 48, 16, 14, 32, 95, 18, 54
Elf 1027: 57, 68, 56, 66, 30, 54, 73, 23, 13, 82
Elf 1028: 59, 3, 99, 35, 23, 80, 35, 4, 54, 62
Elf 1029: 62, 54, 71, 76, 100, 94, 75, 18, 1, 35
Elf 1030: 74, 62, 46, 49, 6, 43, 74, 46, 29, 56
Elf 1031: 20, 72, 85, 46, 54, 56, 18, 33, 73, 83
Elf 1032: 61, 29, 97, 45, 16, 75, 52, 3, 21, 84
Elf 1033: 78, 60, 41, 45, 4, 20, 90, 42, 62, 71
Elf 1034: 33, 61, 64, 21, 89, 38, 92, 26, 6, 93
Elf 1035: 13, 36, 42, 1, 5, 4, 23, 89, 98, 66
Elf 1036: 24, 66, 21, 60, 44, 81, 58, 88, 55, 42
Elf 1037: 82, 32, 30, 63, 56, 30, 14, 26, 25, 14
Elf 1038: 74, 14, 1, 67, 4, 59, 8, 88, 31, 70
Elf 1039: 30, 92, 71, 78, 92, 70, 54, 30, 23, 35
Elf 1040: 56, 84, 58, 89, 42, 5, 17, 47, 20, 49
Elf 1041: 15, 16, 83, 91, 50, 23, 45, 45, 74, 59
Elf 1042: 45, 41, 68, 74, 10, 23, 24, 87, 42, 40
Elf 1043: 12, 71, 100, 35, 31, 63, 76, 16, 41, 27
Elf 1044: 32, 23, 35, 62, 94, 85, 91, 36, 48, 61
Elf 1045: 2, 16, 44, 31, 49, 9, 56, 81, 27, 97
Elf 1046: 88, 66, 43, 65, 56, 74, 68, 73, 95, 41
Elf 1047: 13, 12, 100, 87, 79, 61, 67, 52, 51, 94
Elf 1048: 63, 54, 66, 54, 60, 19, 78, 39, 7, 31
Elf 1049: 47, 4, 74, 27, 77, 71, 99, 61, 18, 62
Elf 1050: 43, 22, 90, 98, 22, 52, 24, 55, 1, 50
Elf 1051: 25, 12, 17, 20, 90, 22, 25, 58, 33, 25
Elf 1052: 23, 50, 82, 3, 62, 53, 82, 82, 31, 39
Elf 1053: 3, 27, 45, 32, 88, 87, 83, 65, 79, 62
Elf 1054: 84, 39, 62, 38, 65, 63, 4, 13, 54, 68
Elf 1055: 96, 3, 19, 23, 86, 5, 47, 95, 52, 45
Elf 1056: 93, 56, 45, 50, 2, 88, 38, 100, 57, 38
Elf 1057: 41, 82, 2, 31, 11, 13, 64, 34, 67, 50
Elf 1058: 16, 29, 45, 47, 18, 45, 70, 60, 36, 27
Elf 1059: 77, 90, 38, 26, 84, 16, 15, 89, 73, 58
Elf 1060: 73, 79, 8, 19, 100, 41, 12, 60, 16, 93
Elf 1061: 22, 52, 65, 53, 7, 83, 9, 77, 32, 60
Elf 1062: 80, 26, 13, 88, 43, 55, 11, 79, 28, 95
Elf 1063: 26, 92, 21, 96, 96, 61, 61, 19, 44, 2
Elf 1064: 4, 16, 36, 8, 25, 48, 77, 82, 89, 19
Elf 1065: 79, 70, 86, 11, 96, 32, 37, 74, 28, 92
Elf 1066: 30, 87, 20, 44, 53, 13, 92, 3, 50, 91
Elf 1067: 89, 34, 94, 70, 25, 29, 26, 52, 53, 60
Elf 1068: 32, 39, 88, 24, 93, 33, 54, 50, 82, 92
Elf 1069: 35, 57, 59, 34, 24, 55, 52, 49, 83, 84
Elf 1070: 10, 84, 85, 94, 33, 18, 25, 73, 24, 45
Elf 1071: 70, 84, 40, 47, 66, 37, 25, 73, 77, 88
Elf 1072: 32, 89, 77, 24, 66, 31, 86, 78, 70, 60
Elf 1073: 57, 58, 71, 15, 42, 11, 34, 51, 28, 50
Elf 1074: 9, 57, 69, 49, 54, 44, 44, 13, 56, 70
Elf 1075: 5, 84, 73, 2, 25, 5, 70, 61, 55, 35
Elf 1076: 46, 93, 47, 61, 27, 71, 94, 65, 33, 49
Elf 1077: 47, 87, 45, 15, 87, 70, 81, 65, 27, 28
Elf 1078: 30, 39, 48, 13, 33, 83, 18, 20, 22, 9
Elf 1079: 42, 83, 53, 55, 49, 65, 50, 18, 85, 56
Elf 1080: 12, 81, 24, 44, 61, 21, 72, 58, 100, 26
Elf 1081: 17, 92, 14, 54, 51, 78, 95, 90, 71, 38
Elf 1082: 18, 39, 77, 87, 48, 19, 36, 61, 21, 92
Elf 1083: 52, 6, 38, 2, 94, 30, 57, 74, 78, 91
Elf 1084: 11, 92, 41, 76, 18, 96, 22, 99, 51, 100
Elf 1085: 32, 5, 57, 65, 38, 93, 73, 11, 98, 39
Elf 1086: 47, 83, 45, 33, 16, 34, 73, 43, 90, 25
Elf 1087: 11, 37, 73, 98, 49, 30, 31, 5, 21, 35
Elf 1088: 9, 92, 97, 100, 76, 51, 99, 30, 38, 53
Elf 1089: 59, 86, 98, 5, 35, 45, 54, 2, 27, 39
Elf 1090: 43, 13, 71, 65, 3, 33, 84, 49, 23, 79
Elf 1091: 49, 80, 28, 19, 71, 99, 18, 32, 54, 21
Elf 1092: 43, 87, 45, 43, 8, 58, 61, 23, 7, 16
Elf 1093: 15, 66, 90, 40, 41, 82, 40, 27, 29, 19
Elf 1094: 9, 23, 42, 96, 81, 23, 34, 34, 82, 19
Elf 1095: 92, 6, 20, 9, 85, 90, 1, 74, 35, 29
Elf 1096: 45, 98, 49, 16, 91, 27, 66, 27, 9, 94
Elf 1097: 31, 29, 64, 17, 90, 59, 70, 69, 57, 43
Elf 1098: 26, 51, 31, 77, 50, 71, 100, 71, 59, 84
Elf 1099: 5, 54, 52, 41, 22, 72, 27, 92, 64, 38
Elf 1100: 12, 54, 54, 9, 20, 74, 67, 90, 100, 61
Elf 1101: 87, 74, 25, 57, 88, 10, 55, 71, 71, 69
Elf 1102: 14, 12, 39, 65, 84, 84, 18, 98, 45, 79
Elf 1103: 50, 72, 35, 65, 61, 55, 93, 26, 14, 15
Elf 1104: 41, 49, 86, 97, 31, 27, 50, 22, 90, 70
Elf 1105: 68, 82, 20, 28, 75, 50, 32, 10, 53, 43
Elf 1106: 93, 52, 44, 55, 11, 79, 68, 64, 67, 31
Elf 1107: 53, 60, 15, 93, 13, 58, 37, 7, 27, 3
Elf 1108: 54, 100, 34, 82, 39, 78, 43, 92, 63, 66
Elf 1109: 57, 69, 8, 64, 63, 22, 53, 5, 14, 5
Elf 1110: 84, 66, 15, 24, 2, 39, 70, 29, 100, 31
Elf 1111: 88, 66, 87, 56, 45, 71, 42, 82, 7, 55
Elf 1112: 36, 23, 51, 70, 45, 32, 31, 34, 60, 32
Elf 1113: 43, 51, 56, 88, 72, 52, 4, 38, 62, 88
Elf 1114: 79, 29, 11, 7, 100, 84, 99, 9, 64, 51
Elf 1115: 50, 87, 76, 21, 2, 10, 89, 9, 12, 56
Elf 1116: 2, 29, 83, 46, 4, 95, 65, 57, 77, 27
Elf 1117: 1, 77, 65, 5, 91, 30, 26, 3, 44, 24
Elf 1118: 22, 29, 53, 6, 86, 78, 49, 76, 98, 96
Elf 1119: 28, 8, 33, 86, 60, 48, 54, 67, 59, 35
Elf 1120: 35, 15, 3, 80, 26, 99, 7, 39, 75, 61
Elf 1121: 38, 17, 67, 58, 22, 55, 11, 96, 93, 68
Elf 1122: 59, 67, 96, 87, 76, 20, 25, 69, 92, 96
Elf 1123: 20, 69, 73, 58, 59, 70, 56, 85, 74, 23
Elf 1124: 91, 5, 26, 47, 91, 22, 5, 15, 58, 57
Elf 1125: 15, 48, 7, 29, 83, 25, 44, 20, 100, 60
Elf 1126: 21, 9, 19, 32, 95, 39, 39, 57, 39, 2
Elf 1127: 53, 67, 53, 62, 2, 63, 42, 44, 31, 25
Elf 1128: 21, 43, 91, 69, 16, 10, 77, 26, 91, 79
Elf 1129: 38, 57, 80, 10, 6, 36, 47, 87, 39, 89
Elf 1130: 91, 1, 17, 48, 86, 55, 87, 99, 1, 2
Elf 1131: 57, 14, 78, 100, 66, 83, 87, 3, 34, 22
Elf 1132: 60, 80, 87, 19, 58, 29, 14, 3, 87, 64
Elf 1133: 9, 18, 16, 64, 96, 51, 17, 20, 43, 5
Elf 1134: 66, 75, 71, 67, 90, 19, 17, 67, 3, 37
Elf 1135: 20, 33, 14, 73, 94, 20, 97, 57, 34, 40
Elf 1136: 64, 10, 56, 70, 52, 21, 20, 73, 94, 57
Elf 1137: 83, 88, 14, 76, 11, 97, 83, 16, 88, 33
Elf 1138: 35, 44, 50, 1, 24, 65, 94, 86, 36, 64
Elf 1139: 58, 21, 89, 36, 49, 27, 80, 69, 93, 33
Elf 1140: 88, 15, 71, 88, 60, 34, 93, 57, 71, 71
Elf 1141: 35, 93, 97, 29, 48, 97, 83, 77, 92, 91
Elf 1142: 45, 33, 77, 51, 88, 51, 7, 60, 40, 3
Elf 1143: 2, 95, 79, 47, 61, 79, 44, 54, 11, 13
Elf 1144: 42, 73, 33, 30, 57, 50, 70, 72, 100, 13
Elf 1145: 77, 77, 95, 71, 94, 57, 56, 42, 41, 45
Elf 1146: 72, 72, 5, 58, 32, 63, 68, 5, 55, 21
Elf 1147: 9, 85, 89, 30, 82, 63, 51, 84, 75, 53
Elf 1148: 17, 4, 12, 65, 56, 56, 55, 25, 48, 47
Elf 1149: 65, 35, 74, 55, 74, 76, 93, 85, 93, 29
Elf 1150: 33, 81, 69, 90, 87, 97, 100, 63, 19, 90
Elf 1151: 72, 37, 2, 50, 34, 47, 97, 23, 44, 34
Elf 1152: 66, 94, 81, 1, 11, 71, 81, 6, 4, 13
Elf 1153: 92, 8, 9, 86, 18, 66, 51, 66, 45, 55
Elf 1154: 83, 84, 95, 73, 61, 36, 15, 55, 52, 85
Elf 1155: 89, 86, 80, 21, 99, 26, 53, 93, 80, 53
Elf 1156: 65, 46, 57, 24, 84, 53, 96, 87, 38, 51
Elf 1157: 65, 24, 12, 68, 37, 88, 28, 74, 95, 17
Elf 1158: 37, 7, 82, 35, 13, 86, 27, 77, 41, 91
Elf 1159: 28, 27, 26, 8, 33, 27, 75, 51, 17, 32
Elf 1160: 84, 2, 87, 4, 80, 31, 11, 36, 14, 45
Elf 1161: 23, 77, 71, 14, 98, 96, 93, 92, 88, 61
Elf 1162: 52, 86, 21, 14, 39, 5, 73, 7, 14, 16
Elf 1163: 97, 93, 63, 14, 34, 50, 83, 29, 69, 91
Elf 1164: 31, 64, 83, 8, 7, 38, 54, 52, 10, 89
Elf 1165: 28, 20, 56, 81, 49, 77, 88, 89, 64, 37
Elf 1166: 80, 96, 56, 15, 99, 22, 64, 13, 93, 39
Elf 1167: 4, 31, 85, 97, 17, 19, 34, 2, 56, 53
Elf 1168: 6, 99, 71, 4, 21, 37, 23, 8, 76, 83
Elf 1169: 48, 57, 12, 28, 35, 85, 77, 80, 64, 73
Elf 1170: 86, 76, 89, 26, 12, 97, 31, 53, 57, 77
Elf 1171: 71, 54, 6, 76, 99, 84, 6, 85, 17, 66
Elf 1172: 14, 64, 1, 85, 38, 56, 69, 72, 100, 51
Elf 1173: 1, 51, 27, 14, 22, 48, 22, 37, 58, 71
Elf 1174: 43, 41, 1, 57, 45, 10, 77, 40, 70, 22
Elf 1175: 53, 26, 8, 10, 13, 47, 20, 62, 27, 23
Elf 1176: 87, 25, 59, 88, 51, 60, 74, 74, 43, 90
Elf 1177: 90, 84, 92, 67, 75, 26, 34, 23, 43, 10
Elf 1178: 80, 64, 78, 65, 40, 75, 33, 58, 81, 66
Elf 1179: 97, 5, 16, 20, 4, 38, 3, 5, 39, 95
Elf 1180: 88, 88, 19, 75, 14, 2, 99, 30, 1, 20
Elf 1181: 57, 36, 78, 45, 79, 57, 19, 40, 55, 4
Elf 1182: 52, 58, 48, 38, 75, 28, 13, 17, 50, 18
Elf 1183: 41, 18, 7, 85, 47, 89, 48, 25, 89, 52
Elf 1184: 67, 35, 13, 98, 48, 32, 29, 97, 55, 33
Elf 1185: 92, 26, 95, 10, 17, 45, 11, 2, 66, 43
Elf 1186: 86, 81, 78, 47, 63, 44, 6, 89, 77, 50
Elf 1187: 97, 46, 41, 86, 33, 38, 66, 84, 55, 71
Elf 1188: 87, 78, 46, 27, 34, 83, 84, 98, 72, 52
Elf 1189: 41, 99, 95, 99, 81, 14, 30, 39, 38, 88
Elf 1190: 79, 34, 51, 38, 70, 30, 43, 17, 63, 39
Elf 1191: 33, 37, 29, 69, 37, 12, 88, 11, 74, 82
Elf 1192: 91, 97, 4, 71, 29, 55, 55, 62, 20, 48
Elf 1193: 36, 22, 21, 22, 41, 28, 62, 89, 95, 5
Elf 1194: 28, 31, 45, 20, 55, 89, 23, 9, 91, 19
Elf 1195: 43, 37, 52, 3, 62, 33, 89, 17, 83, 55
Elf 1196: 13, 94, 16, 51, 11, 40, 63, 66, 61, 91
Elf 1197: 51, 67, 18, 37, 1, 85, 58, 76, 30, 9
Elf 1198: 94, 45, 39, 44, 98, 49, 29, 96, 3, 67
Elf 1199: 11, 48, 75, 80, 35, 21, 40, 85, 40, 28
Elf 1200: 42, 56, 1, 83, 20, 97, 78, 61, 69, 80
Elf 1201: 34, 36, 20, 66, 13, 49, 99, 95, 46, 91
Elf 1202: 18, 69, 76, 39, 63, 65, 15, 66, 20, 62
Elf 1203: 13, 83, 83, 2, 27, 11, 54, 69, 12, 95
Elf 1204: 65, 99, 48, 60, 49, 46, 89, 91, 53, 95
Elf 1205: 65, 33, 14, 75, 35, 52, 14, 93, 4, 73
Elf 1206: 22, 71, 35, 17, 35, 26, 17, 57, 22, 74
Elf 1207: 24, 47, 32, 86, 13, 64, 5, 34, 98, 85
Elf 1208: 9, 95, 99, 13, 1, 72, 49, 21, 25, 57
Elf 1209: 30, 30, 45, 55, 90, 22, 22, 63, 38, 84
Elf 1210: 72, 53, 15, 47, 4, 65, 70, 56, 54, 95
Elf 1211: 15, 82, 88, 65, 20, 78, 67, 35, 35, 87
Elf 1212: 17, 77, 59, 11, 65, 65, 73, 61, 57, 94
Elf 1213: 4, 93, 85, 14, 59, 33, 10, 61, 97, 11
Elf 1214: 90, 50, 52, 80, 50, 33, 91, 88, 9, 19
Elf 1215: 90, 72, 49, 92, 96, 43, 7, 98, 36, 17
Elf 1216: 69, 62, 69, 23, 48, 56, 80, 97, 28, 86
Elf 1217: 89, 85, 41, 64, 84, 24, 83, 91, 37, 1
Elf 1218: 61, 13, 92, 32, 54, 94, 19, 50, 50, 5
Elf 1219: 51, 49, 73, 55, 94, 16, 80, 58, 78, 77
Elf 1220: 91, 100, 1, 23, 2, 61, 47, 76, 42, 6
Elf 1221: 51, 26, 28, 58, 90, 50, 98, 45, 92, 67
Elf 1222: 43, 24, 2, 42, 23, 82, 9, 51, 40, 69
Elf 1223: 88, 35, 26, 17, 82, 20, 38, 54, 91, 88
Elf 1224: 13, 18, 99, 85, 33, 72, 43, 11, 57, 30
Elf 1225: 76, 5, 8, 59, 6, 66, 86, 68, 50, 64
Elf 1226: 91, 57, 20, 26, 44, 26, 36, 88, 99, 26
Elf 1227: 76, 47, 38, 69, 77, 65, 30, 9, 78, 57
Elf 1228: 38, 7, 23, 32, 94, 53, 85, 74, 68, 19
Elf 1229: 95, 20, 100, 60, 54, 96, 16, 22, 64, 86
Elf 1230: 44, 22, 39, 87, 43, 25, 72, 23, 26, 37
Elf 1231: 1, 90, 31, 60, 15, 16, 99, 94, 77, 85
Elf 1232: 62, 14, 18, 100, 67, 73, 97, 77, 7, 69
Elf 1233: 38, 55, 91, 20, 70, 98, 87, 15, 49, 21
Elf 1234: 8, 59, 25, 34, 36, 43, 29, 32, 30, 79
Elf 1235: 85, 94, 70, 74, 73, 78, 58, 99, 55, 30
Elf 1236: 88, 89, 87, 95, 34, 11, 44, 94, 48, 45
Elf 1237: 77, 50, 36, 28, 33, 63, 38, 52, 57, 47
Elf 1238: 54, 78, 13, 12, 63, 14, 16, 13, 38, 65
Elf 1239: 61, 30, 1, 32, 50, 4, 21, 32, 21, 63
Elf 1240: 96, 80, 68, 71, 27, 25, 80, 34, 75, 91
Elf 1241: 42, 60, 66, 63, 45, 77, 50, 63, 85, 18
Elf 1242: 44, 8, 93, 34, 66, 44, 40, 19, 61, 47
Elf 1243: 72, 42, 31, 12, 43, 59, 2, 32, 9, 7
Elf 1244: 73, 43, 71, 10, 43, 42, 3, 52, 60, 15
Elf 1245: 42, 63, 52, 25, 78, 95, 8, 37, 51, 99
Elf 1246: 66, 16, 3, 43, 44, 84, 49, 37, 89, 80
Elf 1247: 22, 99, 53, 66, 79, 65, 55, 93, 81, 76
Elf 1248: 79, 46, 66, 13, 62, 29, 12, 9, 55, 59
Elf 1249: 23, 61, 88, 96, 60, 99, 41, 40, 97, 31
Elf 1250: 70, 68, 90, 61, 87, 60, 59, 12, 91, 25
Elf 1251: 21, 33, 10, 67, 8, 35, 33, 75, 39, 34
Elf 1252: 52, 53, 67, 73, 21, 60, 100, 36, 58, 69
Elf 1253: 91, 90, 49, 22, 92, 51, 28, 44, 92, 31
Elf 1254: 51, 63, 4, 96, 8, 60, 59, 29, 63, 82
Elf 1255: 73, 22, 1, 93, 89, 62, 50, 28, 4, 12
Elf 1256: 79, 48, 2, 66, 43, 92, 34, 66, 62, 27
Elf 1257: 78, 31, 41, 36, 67, 13, 38, 57, 34, 64
Elf 1258: 55, 71, 38, 8, 55, 7, 61, 34, 44, 54
Elf 1259: 31, 13, 95, 59, 60, 39, 39, 74, 4, 30
Elf 1260: 12, 87, 79, 55, 14, 75, 75, 40, 26, 68
Elf 1261: 96, 82, 81, 100, 41, 93, 39, 96, 67, 75
Elf 1262: 11, 95, 93, 65, 46, 26, 98, 12, 74, 46
Elf 1263: 17, 51, 94, 84, 41, 54, 38, 24, 100, 79
Elf 1264: 36, 22, 40, 72, 47, 36, 67, 38, 52, 97
Elf 1265: 14, 51, 71, 79, 24, 65, 74, 16, 43, 85
Elf 1266: 4, 63, 77, 18, 59, 6, 42, 99, 34, 52
Elf 1267: 1, 33, 44, 97, 19, 32, 91, 46, 70, 53
Elf 1268: 27, 11, 83, 68, 9, 45, 7, 61, 36, 38
Elf 1269: 91, 69, 28, 47, 77, 17, 67, 9, 96, 24
Elf 1270: 73, 11, 25, 32, 8, 35, 6, 77, 17, 78
Elf 1271: 49, 76, 41, 30, 91, 28, 73, 20, 8, 85
Elf 1272: 15, 68, 61, 57, 16, 77, 75, 96, 18, 95
Elf 1273: 35, 46, 53, 80, 95, 99, 82, 25, 64, 51
Elf 1274: 86, 83, 52, 32, 17, 11, 97, 37, 46, 33
Elf 1275: 36, 100, 46, 1, 32, 66, 65, 62, 1, 77
Elf 1276: 67, 27, 22, 98, 29, 89, 83, 42, 77, 88
Elf 1277: 31, 36, 4, 43, 12, 21, 33, 85, 81, 66
Elf 1278: 30, 2, 39, 68, 88, 58, 96, 60, 74, 28
Elf 1279: 19, 31, 95, 37, 95, 17, 94, 31, 64, 2
Elf 1280: 77, 100, 89, 65, 32, 75, 75, 55, 36, 78
Elf 1281: 41, 22, 88, 23, 75, 12, 61, 42, 8, 29
Elf 1282: 12, 99, 60, 49, 7, 74, 7, 2, 28, 87
Elf 1283: 51, 56, 85, 5, 85, 43, 41, 80, 66, 4
Elf 1284: 89, 2, 64, 70, 11, 22, 42, 17, 35, 61
Elf 1285: 21, 43, 34, 16, 87, 65, 22, 16, 5, 27
Elf 1286: 76, 58, 59, 39, 87, 90, 17, 82, 16, 59
Elf 1287: 73, 51, 78, 21, 16, 75, 70, 52, 86, 69
Elf 1288: 82, 84, 75, 97, 38, 83, 17, 47, 37, 30
Elf 1289: 21, 38, 63, 24, 39, 25, 51, 22, 57, 90
Elf 1290: 1, 92, 19, 77, 77, 52, 24, 55, 67, 27
Elf 1291: 3, 61, 67, 26, 49, 93, 95, 2, 8, 51
Elf 1292: 28, 86, 80, 85, 33, 91, 62, 96, 69, 37
Elf 1293: 51, 99, 3, 52, 74, 100, 95, 38, 16, 21
Elf 1294: 24, 51, 38, 76, 9, 26, 12, 66, 13, 63
Elf 1295: 44, 59, 47, 98, 61, 99, 16, 95, 26, 16
Elf 1296: 30, 68, 39, 42, 49, 93, 14, 35, 18, 76
Elf 1297: 32, 13, 90, 83, 13, 56, 15, 6, 78, 10
Elf 1298: 18, 97, 54, 73, 38, 62, 22, 74, 3, 95
Elf 1299: 68, 53, 83, 35, 26, 87, 59, 40, 5, 19
Elf 1300: 51, 52, 56, 53, 44, 96, 21, 14, 99, 43
Elf 1301: 28, 41, 96, 94, 44, 67, 83, 18, 26, 79
Elf 1302: 41, 97, 16, 71, 31, 7, 42, 2, 67, 20
Elf 1303: 64, 68, 1, 95, 15, 7, 60, 30, 99, 23
Elf 1304: 28, 30, 7, 86, 51, 47, 74, 65, 22, 31
Elf 1305: 66, 35, 89, 65, 77, 69, 29, 43, 32, 77
Elf 1306: 47, 46, 2, 34, 91, 53, 48, 36, 61, 84
Elf 1307: 55, 28, 51, 95, 20, 96, 65, 39, 24, 17
Elf 1308: 49, 45, 39, 82, 16, 86, 97, 37, 71, 66
Elf 1309: 32, 64, 76, 67, 6, 51, 21, 59, 46, 38
Elf 1310: 65, 90, 64, 22, 82, 68, 92, 12, 5, 80
Elf 1311: 53, 62, 70, 26, 87, 31, 97, 7, 26, 57
Elf 1312: 58, 27, 41, 77, 19, 35, 42, 69, 92, 100
Elf 1313: 53, 98, 34, 11, 35, 33, 46, 72, 100, 83
Elf 1314: 31, 55, 75, 91, 56, 75, 32, 85, 14, 19
Elf 1315: 16, 30, 8, 51, 98, 36, 39, 92, 88, 49
Elf 1316: 78, 6, 97, 6, 1, 92, 1, 70, 45, 40
Elf 1317: 86, 39, 56, 88, 83, 37, 80, 89, 25, 66
Elf 1318: 13, 97, 57, 47, 25, 48, 76, 3, 32, 89
Elf 1319: 15, 82, 77, 98, 64, 90, 17, 9, 21, 84
Elf 1320: 31, 67, 6, 31, 94, 80, 81, 39, 61, 8
Elf 1321: 15, 16, 33, 94, 67, 25, 68, 32, 23, 61
Elf 1322: 59, 47, 28, 73, 39, 84, 41, 91, 24, 13
Elf 1323: 76, 52, 84, 81, 87, 2, 21, 80, 75, 92
Elf 1324: 84, 42, 84, 29, 100, 97, 56, 28, 90, 28
Elf 1325: 91, 16, 35, 52, 56, 62, 45, 22, 15, 70
Elf 1326: 46, 21, 91, 71, 59, 6, 76, 74, 51, 19
Elf 1327: 2, 59, 21, 40, 80, 46, 81, 66, 92, 45
Elf 1328: 43, 28, 22, 26, 52, 99, 57, 58, 81, 82
Elf 1329: 60, 9, 26, 89, 11, 11, 66, 97, 28, 60
Elf 1330: 16, 99, 63, 8, 60, 54, 84, 41, 16, 74
Elf 1331: 10, 21, 20, 88, 56, 91, 75, 100, 65, 1
Elf 1332: 17, 22, 65, 20, 41, 22, 56, 10, 39, 2
Elf 1333: 44, 45, 84, 52, 44, 50, 77, 44, 6, 16
Elf 1334: 5, 20, 35, 29, 23, 38, 49, 2, 17, 73
Elf 1335: 7, 5, 55, 43, 66, 43, 28, 58, 53, 77
Elf 1336: 83, 88, 100, 72, 92, 6, 42, 26, 76, 29
Elf 1337: 71, 55, 53, 62, 45, 78, 93, 44, 13, 100
Elf 1338: 24, 8, 14, 46, 11, 91, 9, 81, 65, 4
Elf 1339: 81, 27, 47, 55, 68, 77, 91, 93, 14, 76
Elf 1340: 43, 73, 36, 35, 93, 29, 28, 15, 9, 59
Elf 1341: 93, 61, 57, 33, 40, 24, 97, 28, 6, 28
Elf 1342: 87, 72, 41, 51, 52, 87, 88, 85, 59, 53
Elf 1343: 7, 20, 87, 69, 36, 50, 78, 55, 37, 96
Elf 1344: 25, 12, 54, 67, 75, 19, 23, 31, 47, 63
Elf 1345: 53, 35, 98, 10, 79, 49, 8, 1, 38, 39
Elf 1346: 13, 28, 48, 59, 81, 63, 17, 58, 30, 16
Elf 1347: 91, 95, 86, 5, 70, 7, 35, 31, 91, 76
Elf 1348: 34, 56, 47, 13, 60, 3, 61, 56, 63, 20
Elf 1349: 54, 81, 96, 41, 93, 71, 91, 87, 10, 39
Elf 1350: 33, 33, 54, 27, 28, 84, 19, 21, 41, 30
Elf 1351: 44, 60, 50, 7, 71, 51, 49, 17, 19, 30
Elf 1352: 37, 92, 69, 5, 99, 83, 76, 72, 68, 65
Elf 1353: 47, 59, 46, 48, 34, 35, 93, 62, 40, 50
Elf 1354: 60, 92, 36, 39, 29, 6, 59, 4, 68, 99
Elf 1355: 42, 84, 10, 38, 36, 18, 99, 51, 49, 37
Elf 1356: 88, 23, 68, 52, 35, 64, 73, 17, 27, 58
Elf 1357: 60, 17, 9, 27, 41, 77, 14, 11, 63, 64
Elf 1358: 64, 45, 53, 77, 90, 50, 40, 87, 25, 35
Elf 1359: 96, 81, 58, 7, 72, 62, 63, 40, 61, 71
Elf 1360: 65, 97, 49, 53, 43, 94, 14, 44, 34, 14
Elf 1361: 14, 2, 25, 13, 96, 3, 87, 27, 38, 50
Elf 1362: 85, 57, 62, 43, 43, 61, 84, 28, 9, 2
Elf 1363: 48, 75, 58, 6, 73, 22, 20, 78, 70, 20
Elf 1364: 63, 51, 70, 47, 10, 78, 31, 10, 87, 56
Elf 1365: 84, 27, 21, 70, 93, 20, 71, 5, 15, 29
Elf 1366: 24, 86, 67, 45, 90, 19, 78, 15, 21, 86
Elf 1367: 34, 48, 25, 41, 19, 57, 82, 70, 16, 81
Elf 1368: 37, 20, 5, 31, 6, 85, 29, 69, 10, 21
Elf 1369: 56, 57, 1, 92, 36, 13, 83, 37, 31, 17
Elf 1370: 85, 44, 85, 54, 53, 77, 8, 19, 98, 91
Elf 1371: 4, 12, 66, 77, 75, 10, 73, 44, 33, 44
Elf 1372: 86, 25, 18, 7, 43, 93, 78, 10, 2, 77
Elf 1373: 78, 43, 96, 42, 37, 12, 22, 96, 63, 90
Elf 1374: 50, 60, 64, 13, 11, 47, 87, 62, 5, 96
Elf 1375: 22, 42, 74, 87, 30, 80, 10, 84, 37, 25
Elf 1376: 95, 68, 8, 41, 20, 56, 56, 50, 78, 84
Elf 1377: 82, 27, 93, 42, 57, 54, 28, 23, 54, 1
Elf 1378: 37, 31, 36, 32, 39, 79, 38, 77, 14, 68
Elf 1379: 17, 64, 34, 29, 86, 33, 40, 55, 65, 97
Elf 1380: 83, 98, 61, 29, 64, 24, 83, 14, 71, 85
Elf 1381: 51, 3, 28, 38, 18, 41, 62, 69, 67, 86
Elf 1382: 63, 8, 51, 33, 100, 3, 40, 74, 40, 85
Elf 1383: 13, 97, 87, 29, 85, 84, 51, 70, 64, 52
Elf 1384: 16, 9, 68, 79, 43, 93, 56, 53, 84, 4
Elf 1385: 61, 33, 60, 85, 95, 82, 55, 62, 1, 80
Elf 1386: 21, 46, 49, 83, 27, 87, 48, 92, 50, 63
Elf 1387: 64, 49, 56, 34, 41, 73, 25, 92, 56, 84
Elf 1388: 2, 49, 95, 67, 58, 93, 30, 81, 97, 41
Elf 1389: 65, 71, 18, 98, 32, 81, 99, 38, 95, 45
Elf 1390: 98, 56, 21, 89, 52, 76, 91, 71, 1, 19
Elf 1391: 91, 50, 52, 74, 11, 52, 67, 16, 70, 4
Elf 1392: 1, 43, 20, 64, 78, 47, 54, 90, 2, 73
Elf 1393: 92, 1, 43, 74, 16, 32, 11, 39, 56, 6
Elf 1394: 17, 89, 52, 99, 51, 96, 89, 65, 14, 79
Elf 1395: 87, 64, 88, 5, 22, 91, 96, 88, 25, 98
Elf 1396: 23, 68, 85, 4, 23, 69, 16, 40, 17, 97
Elf 1397: 75, 67, 69, 13, 20, 58, 34, 83, 28, 87
Elf 1398: 69, 77, 91, 21, 90, 38, 47, 20, 25, 28
Elf 1399: 82, 12, 20, 70, 47, 54, 59, 81, 55, 26
Elf 1400: 95, 7, 10, 97, 35, 38, 32, 97, 28, 47
Elf 1401: 88, 6, 59, 67, 5, 47, 81, 50, 22, 81
Elf 1402: 70, 82, 75, 8, 77, 63, 51, 75, 89, 27
Elf 1403: 45, 11, 99, 14, 14, 50, 79, 63, 22, 95
Elf 1404: 15, 30, 55, 93, 24, 48, 7, 20, 47, 30
Elf 1405: 28, 25, 5, 34, 63, 81, 14, 60, 88, 64
Elf 1406: 23, 83, 33, 90, 99, 66, 93, 76, 9, 76
Elf 1407: 51, 35, 8, 65, 91, 96, 33, 31, 57, 33
Elf 1408: 35, 44, 79, 78, 98, 55, 21, 81, 2, 60
Elf 1409: 74, 24, 78, 85, 42, 55, 32, 66, 83, 53
Elf 1410: 46, 32, 58, 99, 97, 19, 79, 43, 7, 37
Elf 1411: 31, 89, 63, 35, 50, 23, 95, 14, 63, 85
Elf 1412: 47, 49, 42, 45, 71, 97, 65, 39, 2, 71
Elf 1413: 47, 59, 22, 85, 72, 12, 24, 87, 36, 59
Elf 1414: 95, 37, 94, 21, 37, 24, 87, 92, 50, 100
Elf 1415: 61, 89, 11, 61, 37, 64, 23, 93, 11, 23
Elf 1416: 57, 70, 12, 45, 49, 92, 57, 36, 70, 48
Elf 1417: 73, 19, 3, 19, 80, 83, 84, 69, 73, 91
Elf 1418: 62, 72, 55, 11, 83, 86, 51, 25, 11, 11
Elf 1419: 61, 71, 6, 11, 87, 57, 98, 6, 39, 40
Elf 1420: 30, 18, 57, 93, 14, 22, 17, 24, 98, 27
Elf 1421: 10, 16, 41, 82, 94, 91, 54, 55, 56, 81
Elf 1422: 91, 61, 63, 78, 63, 57, 17, 67, 13, 21
Elf 1423: 32, 30, 70, 7, 38, 18, 7, 21, 72, 81
Elf 1424: 85, 90, 57, 71, 7, 62, 62, 20, 98, 13
Elf 1425: 67, 86, 97, 25, 68, 91, 42, 52, 88, 18
Elf 1426: 56, 64, 97, 77, 5, 54, 75, 49, 6, 3
Elf 1427: 66, 27, 15, 80, 5, 65, 71, 46, 65, 4
Elf 1428: 2, 56, 38, 51, 64, 7, 41, 99, 43, 9
Elf 1429: 94, 9, 85, 89, 14, 81, 12, 87, 73, 91
Elf 1430: 80, 5, 53, 86, 53, 23, 5, 55, 17, 58
Elf 1431: 89, 39, 13, 88, 12, 50, 29, 5, 86, 58
Elf 1432: 64, 32, 69, 92, 59, 8, 98, 31, 17, 30
Elf 1433: 50, 32, 61, 35, 62, 50, 16, 69, 27, 63
Elf 1434: 35, 11, 9, 85, 14, 97, 18, 44, 21, 100
Elf 1435: 53, 75, 27, 91, 35, 93, 83, 97, 27, 30
Elf 1436: 74, 78, 62, 49, 20, 50, 100, 2, 6, 23
Elf 1437: 25, 48, 13, 26, 96, 43, 38, 80, 90, 27
Elf 1438: 77, 60, 43, 27, 99, 47, 52, 5, 27, 32
Elf 1439: 92, 71, 53, 65, 53, 74, 94, 1, 55, 61
Elf 1440: 88, 98, 62, 99, 67, 5, 77, 18, 69, 99
Elf 1441: 69, 8, 80, 62, 64, 28, 23, 98, 30, 3
Elf 1442: 62, 62, 46, 1, 87, 85, 65, 96, 19, 99
Elf 1443: 53, 14, 73, 17, 53, 79, 23, 12, 86, 69
Elf 1444: 83, 1, 4, 80, 50, 76, 76, 27, 64, 24
Elf 1445: 10, 93, 48, 80, 58, 83, 33, 47, 98, 29
Elf 1446: 52, 50, 58, 55, 91, 29, 18, 83, 28, 62
Elf 1447: 82, 91, 90, 84, 10, 82, 63, 75, 39, 52
Elf 1448: 31, 42, 49, 86, 56, 52, 28, 12, 74, 94
Elf 1449: 96, 56, 3, 32, 23, 28, 25, 92, 44, 88
Elf 1450: 20, 1, 82, 32, 97, 46, 54, 24, 4, 69
Elf 1451: 70, 73, 89, 63, 3, 86, 68, 65, 63, 45
Elf 1452: 3, 95, 19, 42, 21, 19, 42, 22, 17, 34
Elf 1453: 33, 38, 37, 8, 27, 54, 75, 36, 46, 96
Elf 1454: 5, 98, 70, 19, 69, 83, 25, 36, 24, 18
Elf 1455: 32, 63, 32, 3, 19, 30, 63, 69, 93, 12
Elf 1456: 9, 7, 84, 48, 63, 42, 89, 81, 78, 2
Elf 1457: 66, 92, 37, 39, 80, 2, 58, 94, 58, 25
Elf 1458: 42, 75, 49, 87, 61, 37, 11, 32, 19, 28
Elf 1459: 52, 33, 40, 27, 75, 89, 55, 89, 81, 30
Elf 1460: 70, 17, 84, 87, 35, 52, 84, 12, 2, 79
Elf 1461: 2, 32, 75, 50, 75, 73, 1, 51, 73, 1
Elf 1462: 37, 24, 52, 31, 8, 72, 15, 51, 23, 37
Elf 1463: 56, 57, 24, 11, 16, 82, 43, 71, 7, 72
Elf 1464: 46, 7, 14, 1, 73, 24, 5, 43, 31, 80
Elf 1465: 75, 40, 97, 77, 33, 27, 12, 31, 60, 15
Elf 1466: 43, 69, 97, 42, 47, 55, 29, 7, 27, 46
Elf 1467: 57, 78, 74, 73, 40, 11, 9, 20, 21, 44
Elf 1468: 48, 100, 62, 48, 85, 54, 26, 35, 79, 61
Elf 1469: 82, 76, 76, 19, 74, 36, 83, 51, 33, 39
Elf 1470: 60, 22, 51, 35, 100, 52, 11, 52, 61, 75
Elf 1471: 67, 34, 100, 14, 21, 65, 29, 75, 74, 6
Elf 1472: 32, 14, 38, 81, 42, 58, 3, 87, 48, 84
Elf 1473: 40, 58, 47, 68, 38, 84, 37, 51, 3, 67
Elf 1474: 65, 16, 6, 73, 40, 22, 85, 18, 30, 45
Elf 1475: 97, 10, 89, 11, 35, 50, 97, 57, 73, 10
Elf 1476: 27, 46, 89, 28, 87, 86, 95, 94, 39, 33
Elf 1477: 51, 83, 32, 87, 79, 58, 1, 43, 68, 1
Elf 1478: 30, 91, 1, 8, 44, 19, 78, 26, 2, 49
Elf 1479: 98, 95, 24, 11, 87, 65, 39, 60, 98, 38
Elf 1480: 78, 94, 97, 19, 49, 66, 70, 18, 3, 39
Elf 1481: 32, 18, 14, 48, 73, 65, 58, 100, 29, 71
Elf 1482: 51, 47, 72, 62, 17, 11, 2, 89, 60, 17
Elf 1483: 14, 59, 69, 2, 53, 92, 12, 84, 13, 21
Elf 1484: 8, 45, 39, 65, 57, 72, 74, 87, 1, 18
Elf 1485: 16, 71, 40, 37, 23, 35, 76, 7, 26, 66
Elf 1486: 9, 10, 36, 6, 83, 66, 64, 83, 44, 85
Elf 1487: 22, 88, 49, 66, 26, 28, 81, 17, 22, 66
Elf 1488: 48, 27, 44, 99, 64, 1, 27, 83, 44, 34
Elf 1489: 2, 31, 28, 61, 30, 52, 50, 100, 39, 4
Elf 1490: 38, 4, 82, 44, 79, 88, 87, 40, 3, 4
Elf 1491: 47, 64, 45, 57, 58, 48, 26, 86, 38, 66
Elf 1492: 67, 23, 97, 23, 63, 84, 44, 20, 100, 49
Elf 1493: 55, 24, 96, 87, 60, 80, 69, 48, 34, 2
Elf 1494: 29, 34, 16, 27, 73, 3, 36, 36, 64, 58
Elf 1495: 69, 79, 68, 7, 38, 28, 97, 38, 18, 7
Elf 1496: 69, 17, 31, 95, 36, 46, 69, 23, 10, 58
Elf 1497: 93, 100, 96, 49, 45, 72, 6, 93, 71, 32
Elf 1498: 31, 72, 35, 82, 95, 64, 27, 48, 14, 32
Elf 1499: 17, 3, 71, 36, 53, 3, 25, 43, 22, 46
Elf 1500: 82, 89, 53, 26, 79, 21, 73, 94, 84, 23
Elf 1501: 40, 46, 49, 62, 35, 90, 4, 68, 68, 28
Elf 1502: 68, 40, 26, 15, 52, 8, 45, 36, 47, 27
Elf 1503: 57, 92, 60, 84, 46, 39, 4, 30, 23, 24
Elf 1504: 52, 72, 85, 18, 71, 84, 57, 85, 87, 76
Elf 1505: 53, 49, 45, 37, 64, 83, 7, 57, 22, 84
Elf 1506: 58, 78, 33, 87, 10, 28, 23, 10, 48, 92
Elf 1507: 78, 59, 1, 98, 86, 89, 57, 78, 8, 12
Elf 1508: 11, 56, 93, 20, 41, 15, 7, 69, 26, 97
Elf 1509: 9, 66, 38, 32, 78, 47, 8, 98, 70, 53
Elf 1510: 75, 55, 99, 93, 57, 31, 76, 76, 92, 88
Elf 1511: 8, 13, 45, 71, 20, 7, 84, 87, 47, 9
Elf 1512: 91, 26, 7, 17, 34, 19, 3, 97, 48, 49
Elf 1513: 92, 75, 17, 41, 38, 41, 1, 41, 62, 23
Elf 1514: 82, 89, 83, 33, 84, 23, 97, 85, 84, 87
Elf 1515: 89, 74, 76, 73, 54, 50, 74, 78, 63, 30
Elf 1516: 82, 92, 74, 47, 79, 13, 95, 58, 30, 86
Elf 1517: 7, 90, 37, 15, 11, 98, 55, 43, 61, 100
Elf 1518: 61, 46, 76, 40, 67, 36, 49, 46, 29, 83
Elf 1519: 61, 83, 56, 13, 2, 53, 69, 33, 18, 88
Elf 1520: 74, 51, 82, 97, 2, 16, 75, 82, 12, 84
Elf 1521: 48, 7, 97, 26, 26, 13, 72, 10, 41, 22
Elf 1522: 31, 53, 18, 56, 84, 56, 73, 32, 84, 21
Elf 1523: 34, 62, 35, 15, 43, 83, 69, 2, 96, 95
Elf 1524: 85, 82, 6, 85, 89, 85, 3, 49, 59, 53
Elf 1525: 48, 80, 1, 92, 39, 32, 63, 100, 75, 98
Elf 1526: 60, 24, 49, 84, 52, 7, 89, 25, 2, 100
Elf 1527: 45, 70, 70, 53, 74, 22, 97, 16, 21, 41
Elf 1528: 97, 5, 59, 54, 54, 3, 34, 26, 33, 10
Elf 1529: 89, 53, 94, 36, 87, 89, 62, 94, 31, 6
Elf 1530: 96, 70, 6, 14, 73, 96, 89, 34, 42, 9
Elf 1531: 85, 63, 81, 96, 66, 38, 50, 65, 66, 39
Elf 1532: 33, 55, 8, 80, 77, 62, 92, 64, 95, 10
Elf 1533: 20, 25, 22, 49, 78, 54, 62, 24, 88, 30
Elf 1534: 58, 16, 36, 17, 54, 64, 92, 57, 91, 63
Elf 1535: 34, 92, 31, 88, 94, 40, 59, 42, 81, 4
Elf 1536: 63, 54, 98, 18, 100, 48, 34, 14, 80, 19
Elf 1537: 57, 82, 58, 28, 47, 10, 9, 81, 91, 87
Elf 1538: 47, 21, 71, 57, 53, 76, 93, 63, 54, 64
Elf 1539: 78, 13, 65, 48, 17, 54, 25, 28, 83, 10
Elf 1540: 22, 47, 22, 53, 28, 59, 78, 92, 46, 72
Elf 1541: 49, 37, 20, 83, 67, 32, 92, 14, 80, 52
Elf 1542: 35, 97, 63, 30, 35, 51, 55, 28, 96, 70
Elf 1543: 42, 56, 33, 53, 60, 71, 6, 67, 56, 75
Elf 1544: 57, 68, 77, 47, 91, 30, 73, 18, 88, 85
Elf 1545: 7, 74, 17, 72, 19, 100, 88, 7, 20, 60
Elf 1546: 57, 2, 31, 51, 23, 99, 97, 87, 16, 19
Elf 1547: 81, 99, 24, 55, 74, 33, 53, 30, 88, 24
Elf 1548: 80, 43, 63, 75, 26, 34, 92, 92, 8, 68
Elf 1549: 70, 71, 92, 45, 63, 85, 24, 15, 88, 96
Elf 1550: 58, 15, 57, 52, 37, 18, 56, 42, 65, 49
Elf 1551: 13, 71, 99, 18, 39, 7, 17, 8, 32, 21
Elf 1552: 60, 42, 26, 31, 18, 47, 43, 69, 65, 25
Elf 1553: 57, 88, 97, 61, 86, 29, 40, 14, 18, 5
Elf 1554: 16, 72, 34, 42, 84, 46, 1, 82, 53, 21
Elf 1555: 24, 97, 10, 15, 19, 39, 47, 41, 77, 11
Elf 1556: 83, 67, 80, 1, 41, 17, 33, 51, 17, 84
Elf 1557: 1, 76, 90, 31, 31, 31, 100, 62, 65, 10
Elf 1558: 92, 79, 72, 97, 91, 34, 87, 32, 61, 92
Elf 1559: 10, 60, 47, 12, 55, 9, 90, 85, 16, 22
Elf 1560: 56, 3, 81, 89, 98, 40, 62, 24, 45, 35
Elf 1561: 84, 28, 66, 91, 83, 39, 27, 92, 16, 30
Elf 1562: 65, 13, 14, 45, 15, 29, 79, 83, 87, 74
Elf 1563: 43, 1, 31, 55, 71, 84, 93, 66, 85, 91
Elf 1564: 57, 57, 21, 65, 44, 15, 71, 17, 64, 61
Elf 1565: 40, 58, 27, 69, 56, 47, 31, 79, 51, 52
Elf 1566: 61, 57, 70, 65, 19, 24, 1, 10, 8, 21
Elf 1567: 84, 4, 81, 98, 25, 1, 94, 45, 13, 34
Elf 1568: 6, 21, 24, 100, 39, 95, 69, 73, 57, 19
Elf 1569: 44, 81, 87, 91, 5, 77, 41, 36, 10, 41
Elf 1570: 27, 96, 100, 3, 52, 75, 83, 4, 44, 36
Elf 1571: 78, 54, 44, 91, 22, 1, 56, 51, 47, 98
Elf 1572: 86, 83, 25, 88, 68, 100, 87, 84, 34, 28
Elf 1573: 91, 76, 19, 18, 44, 52, 54, 28, 54, 81
Elf 1574: 26, 55, 52, 78, 53, 77, 71, 23, 16, 54
Elf 1575: 75, 22, 100, 27, 9, 54, 38, 39, 11, 7
Elf 1576: 13, 24, 20, 26, 34, 77, 31, 52, 68, 76
Elf 1577: 13, 61, 98, 95, 33, 11, 97, 76, 46, 51
Elf 1578: 12, 9, 52, 90, 46, 44, 69, 26, 8, 34
Elf 1579: 71, 10, 96, 50, 32, 57, 43, 45, 16, 85
Elf 1580: 40, 48, 42, 74, 84, 36, 20, 22, 79, 73
Elf 1581: 29, 48, 100, 49, 8, 56, 23, 29, 59, 7
Elf 1582: 70, 29, 50, 12, 11, 57, 79, 52, 90, 21
Elf 1583: 61, 71, 23, 79, 90, 47, 52, 2, 85, 12
Elf 1584: 65, 15, 16, 93, 33, 68, 24, 12, 74, 26
Elf 1585: 87, 50, 6, 45, 94, 87, 52, 93, 73, 88
Elf 1586: 42, 32, 23, 63, 7, 24, 43, 72, 38, 82
Elf 1587: 81, 41, 54, 99, 54, 63, 84, 89, 57, 80
Elf 1588: 1, 39, 84, 8, 87, 39, 36, 31, 25, 11
Elf 1589: 67, 87, 37, 40, 25, 22, 36, 63, 46, 6
Elf 1590: 49, 4, 58, 66, 32, 63, 47, 31, 100, 19
Elf 1591: 24, 55, 87, 60, 11, 90, 81, 47, 99, 3
Elf 1592: 70, 16, 37, 38, 6, 66, 83, 98, 82, 46
Elf 1593: 99, 87, 94, 26, 25, 55, 78, 19, 84, 94
Elf 1594: 34, 36, 60, 72, 43, 86, 91, 86, 77, 43
Elf 1595: 22, 72, 41, 71, 63, 60, 86, 88, 91, 7
Elf 1596: 52, 89, 74, 34, 32, 39, 93, 86, 89, 61
Elf 1597: 43, 14, 62, 47, 67, 5, 13, 78, 61, 48
Elf 1598: 83, 20, 24, 79, 16, 31, 39, 59, 93, 75
Elf 1599: 84, 28, 24, 66, 14, 68, 17, 48, 96, 10
Elf 1600: 71, 43, 28, 56, 85, 46, 61, 24, 56, 45
Elf 1601: 59, 68, 38, 64, 69, 39, 25, 11, 63, 82
Elf 1602: 7, 87, 52, 86, 75, 32, 55, 1, 14, 43
Elf 1603: 72, 68, 25, 21, 78, 34, 96, 40, 51, 70
Elf 1604: 61, 33, 39, 73, 78, 40, 90, 100, 3, 34
Elf 1605: 28, 60, 19, 20, 39, 11, 85, 6, 48, 27
Elf 1606: 98, 19, 56, 78, 84, 6, 80, 23, 22, 45
Elf 1607: 98, 54, 23, 16, 66, 89, 95, 9, 52, 72
Elf 1608: 53, 63, 64, 82, 7, 53, 20, 28, 15, 20
Elf 1609: 95, 20, 93, 92, 71, 14, 7, 87, 30, 23
Elf 1610: 51, 59, 19, 24, 36, 34, 77, 47, 80, 5
Elf 1611: 88, 97, 78, 37, 34, 94, 88, 11, 1, 77
Elf 1612: 36, 48, 75, 30, 23, 63, 34, 63, 53, 49
Elf 1613: 33, 50, 88, 65, 79, 46, 2, 83, 22, 99
Elf 1614: 84, 69, 14, 68, 21, 63, 78, 31, 46, 63
Elf 1615: 51, 44, 31, 19, 90, 40, 47, 5, 54, 84
Elf 1616: 50, 5, 61, 61, 6, 65, 13, 82, 92, 94
Elf 1617: 100, 24, 5, 50, 88, 4, 46, 54, 77, 23
Elf 1618: 46, 51, 29, 83, 46, 100, 28, 15, 20, 4
Elf 1619: 76, 39, 6, 31, 5, 67, 99, 85, 48, 3
Elf 1620: 56, 3, 53, 3, 61, 54, 73, 93, 64, 24
Elf 1621: 56, 97, 50, 93, 3, 11, 52, 78, 48, 83
Elf 1622: 11, 50, 84, 19, 49, 42, 4, 31, 61, 26
Elf 1623: 12, 14, 34, 2, 67, 16, 78, 35, 96, 32
Elf 1624: 38, 78, 20, 60, 92, 91, 12, 59, 27, 82
Elf 1625: 80, 97, 100, 20, 16, 31, 82, 1, 23, 84
Elf 1626: 57, 64, 4, 41, 16, 59, 60, 97, 73, 3
Elf 1627: 100, 37, 27, 11, 31, 32, 87, 24, 72, 30
Elf 1628: 42, 29, 94, 42, 54, 21, 67, 58, 100, 20
Elf 1629: 51, 11, 96, 58, 95, 52, 35, 18, 67, 89
Elf 1630: 62, 65, 85, 47, 50, 76, 27, 29, 81, 55
Elf 1631: 63, 17, 67, 100, 4, 46, 18, 56, 21, 33
Elf 1632: 40, 7, 77, 25, 21, 3, 29, 66, 92, 32
Elf 1633: 31, 4, 92, 98, 60, 95, 89, 47, 72, 89
Elf 1634: 31, 99, 95, 39, 62, 70, 62, 39, 48, 9
Elf 1635: 66, 70, 9, 54, 8, 21, 36, 98, 6, 100
Elf 1636: 16, 28, 81, 83, 82, 57, 4, 8, 12, 3
Elf 1637: 67, 92, 64, 85, 31, 12, 97, 96, 79, 15
Elf 1638: 30, 67, 2, 82, 89, 90, 77, 4, 23, 76
Elf 1639: 35, 79, 98, 95, 70, 20, 63, 98, 38, 42
Elf 1640: 35, 27, 30, 17, 69, 91, 56, 15, 18, 16
Elf 1641: 34, 54, 78, 85, 45, 85, 69, 54, 58, 30
Elf 1642: 47, 79, 67, 71, 43, 100, 67, 61, 87, 4
Elf 1643: 56, 13, 45, 85, 21, 65, 20, 80, 45, 11
Elf 1644: 52, 65, 12, 2, 29, 11, 15, 70, 13, 53
Elf 1645: 86, 5, 90, 32, 13, 87, 49, 12, 33, 96
Elf 1646: 23, 61, 45, 37, 7, 68, 24, 36, 97, 73
Elf 1647: 66, 24, 8, 38, 42, 86, 91, 63, 61, 28
Elf 1648: 8, 40, 17, 9, 62, 97, 56, 67, 37, 97
Elf 1649: 14, 18, 73, 22, 76, 50, 16, 94, 1, 92
Elf 1650: 96, 93, 96, 98, 73, 77, 86, 40, 55, 49
Elf 1651: 65, 27, 56, 46, 21, 23, 67, 72, 21, 8
Elf 1652: 20, 52, 59, 47, 97, 99, 40, 88, 39, 69
Elf 1653: 6, 15, 55, 95, 99, 11, 44, 96, 60, 68
Elf 1654: 22, 84, 29, 66, 85, 49, 58, 41, 35, 75
Elf 1655: 68, 68, 69, 42, 9, 58, 70, 69, 49, 40
Elf 1656: 76, 38, 43, 33, 86, 58, 91, 21, 78, 65
Elf 1657: 21, 2, 66, 11, 83, 8, 33, 63, 31, 97
Elf 1658: 62, 68, 91, 37, 33, 21, 20, 71, 33, 97
Elf 1659: 73, 49, 16, 24, 99, 90, 98, 94, 54, 82
Elf 1660: 21, 69, 4, 19, 83, 7, 54, 27, 90, 54
Elf 1661: 48, 84, 1, 69, 63, 23, 76, 2, 14, 10
Elf 1662: 31, 58, 85, 31, 19, 45, 82, 83, 66, 54
Elf 1663: 53, 23, 12, 3, 72, 10, 69, 84, 4, 11
Elf 1664: 28, 8, 9, 98, 87, 48, 60, 5, 40, 19
Elf 1665: 45, 64, 7, 27, 31, 70, 29, 2, 94, 34
Elf 1666: 6, 5, 85, 40, 70, 67, 4, 27, 2, 87
Elf 1667: 96, 8, 33, 25, 64, 78, 12, 7, 86, 50
Elf 1668: 78, 79, 2, 51, 48, 43, 46, 42, 2, 35
Elf 1669: 38, 48, 69, 14, 59, 100, 82, 54, 62, 20
Elf 1670: 55, 43, 52, 90, 48, 14, 17, 60, 50, 17
Elf 1671: 83, 84, 82, 40, 81, 75, 28, 53, 50, 47
Elf 1672: 13, 13, 67, 81, 68, 87, 45, 13, 5, 92
Elf 1673: 41, 100, 17, 71, 72, 96, 20, 34, 24, 15
Elf 1674: 63, 16, 87, 92, 65, 74, 9, 28, 81, 8
Elf 1675: 97, 18, 44, 59, 9, 49, 99, 97, 49, 52
Elf 1676: 10, 8, 18, 83, 33, 61, 5, 57, 60, 84
Elf 1677: 25, 7, 57, 68, 12, 98, 82, 84, 8, 97
Elf 1678: 59, 20, 39, 100, 90, 29, 44, 65, 70, 30
Elf 1679: 17, 53, 78, 79, 14, 6, 49, 56, 100, 7
Elf 1680: 86, 46, 98, 96, 33, 33, 58, 50, 64, 64
Elf 1681: 12, 23, 69, 94, 90, 15, 81, 100, 93, 65
Elf 1682: 69, 90, 94, 18, 9, 89, 38, 36, 10, 2
Elf 1683: 83, 55, 39, 69, 95, 42, 91, 82, 74, 56
Elf 1684: 8, 8, 83, 76, 38, 93, 72, 75, 73, 3
Elf 1685: 47, 90, 7, 62, 32, 70, 64, 2, 9, 30
Elf 1686: 66, 77, 72, 40, 77, 52, 57, 17, 65, 26
Elf 1687: 17, 55, 32, 67, 90, 57, 39, 68, 2, 19
Elf 1688: 97, 11, 94, 36, 80, 85, 82, 26, 92, 24
Elf 1689: 32, 82, 14, 61, 62, 35, 18, 100, 86, 21
Elf 1690: 7, 70, 5, 7, 70, 15, 90, 56, 26, 35
Elf 1691: 31, 43, 82, 26, 22, 83, 80, 13, 68, 77
Elf 1692: 66, 1, 18, 61, 57, 14, 74, 66, 85, 91
Elf 1693: 61, 25, 24, 34, 66, 55, 44, 68, 94, 31
Elf 1694: 6, 1, 50, 26, 47, 97, 29, 95, 9, 24
Elf 1695: 48, 70, 14, 26, 15, 20, 3, 87, 65, 86
Elf 1696: 72, 36, 53, 19, 51, 29, 91, 64, 18, 44
Elf 1697: 78, 17, 24, 1, 4, 74, 95, 67, 29, 12
Elf 1698: 23, 7, 31, 73, 97, 62, 100, 93, 51, 49
Elf 1699: 56, 4, 75, 7, 26, 95, 87, 52, 24, 36
Elf 1700: 79, 75, 93, 13, 39, 27, 86, 40, 72, 51
Elf 1701: 1, 36, 12, 62, 64, 44, 90, 81, 77, 79
Elf 1702: 73, 84, 59, 16, 82, 84, 46, 80, 79, 8
Elf 1703: 18, 66, 65, 25, 33, 11, 81, 94, 76, 7
Elf 1704: 39, 52, 8, 35, 25, 70, 32, 3, 12, 75
Elf 1705: 4, 81, 38, 24, 31, 71, 43, 24, 51, 50
Elf 1706: 66, 48, 44, 16, 99, 19, 45, 35, 27, 75
Elf 1707: 45, 20, 7, 6, 88, 88, 4, 98, 5, 38
Elf 1708: 77, 7, 96, 39, 14, 64, 53, 67, 97, 93
Elf 1709: 16, 46, 59, 31, 10, 72, 39, 59, 21, 75
Elf 1710: 67, 19, 43, 34, 9, 41, 15, 95, 96, 72
Elf 1711: 48, 81, 32, 70, 39, 53, 15, 79, 38, 23
Elf 1712: 75, 7, 72, 78, 1, 75, 6, 25, 99, 65
Elf 1713: 72, 36, 95, 26, 93, 20, 62, 64, 93, 43
Elf 1714: 16, 47, 88, 66, 10, 73, 13, 58, 17, 15
Elf 1715: 73, 61, 47, 36, 44, 29, 98, 17, 13, 96
Elf 1716: 77, 31, 73, 98, 83, 2, 67, 77, 59, 55
Elf 1717: 21, 22, 51, 20, 87, 78, 34, 95, 62, 30
Elf 1718: 95, 100, 59, 22, 72, 57, 97, 7, 2, 76
Elf 1719: 21, 48, 68, 24, 12, 66, 75, 90, 87, 12
Elf 1720: 7, 65, 60, 100, 82, 100, 17, 21, 13, 79
Elf 1721: 2, 74, 54, 32, 98, 38, 99, 76, 41, 78
Elf 1722: 28, 75, 96, 51, 83, 83, 87, 25, 75, 49
Elf 1723: 56, 86, 34, 38, 97, 57, 13, 88, 90, 48
Elf 1724: 81, 30, 59, 27, 34, 24, 61, 22, 3, 18
Elf 1725: 32, 29, 86, 59, 91, 35, 69, 29, 51, 99
Elf 1726: 74, 38, 85, 87, 77, 54, 61, 24, 97, 74
Elf 1727: 88, 37, 29, 78, 100, 55, 53, 22, 62, 26
Elf 1728: 32, 60, 97, 32, 20, 75, 20, 23, 25, 6
Elf 1729: 31, 40, 76, 59, 100, 75, 80, 47, 43, 75
Elf 1730: 41, 86, 13, 32, 98, 72, 90, 88, 78, 52
Elf 1731: 2, 9, 63, 8, 91, 99, 20, 92, 79, 63
Elf 1732: 62, 60, 62, 8, 86, 93, 84, 75, 75, 13
Elf 1733: 85, 70, 23, 98, 74, 17, 4, 46, 70, 85
Elf 1734: 1, 67, 96, 19, 9, 27, 27, 96, 50, 4
Elf 1735: 40, 88, 41, 93, 79, 4, 16, 71, 89, 14
Elf 1736: 51, 64, 19, 63, 11, 19, 93, 62, 46, 18
Elf 1737: 80, 74, 37, 81, 50, 73, 66, 18, 49, 75
Elf 1738: 29, 88, 56, 74, 29, 8, 3, 43, 9, 66
Elf 1739: 73, 13, 74, 24, 86, 63, 14, 9, 72, 83
Elf 1740: 87, 15, 21, 69, 82, 30, 66, 62, 14, 11
Elf 1741: 37, 84, 55, 85, 27, 16, 77, 74, 54, 86
Elf 1742: 12, 2, 49, 25, 59, 1, 88, 82, 70, 46
Elf 1743: 91, 1, 15, 55, 50, 64, 28, 100, 13, 70
Elf 1744: 70, 2, 100, 91, 47, 86, 52, 56, 8, 53
Elf 1745: 16, 24, 39, 13, 83, 83, 31, 56, 94, 54
Elf 1746: 87, 84, 53, 31, 64, 78, 57, 4, 100, 36
Elf 1747: 85, 19, 7, 75, 40, 63, 86, 36, 47, 8
Elf 1748: 71, 83, 13, 85, 51, 28, 81, 81, 40, 60
Elf 1749: 68, 84, 53, 12, 19, 66, 76, 66, 30, 33
Elf 1750: 60, 33, 77, 28, 4, 28, 3, 7, 66, 72
Elf 1751: 64, 69, 66, 71, 31, 22, 47, 57, 94, 38
Elf 1752: 58, 74, 48, 58, 10, 75, 16, 72, 15, 59
Elf 1753: 88, 54, 66, 90, 2, 32, 87, 96, 13, 35
Elf 1754: 2, 66, 58, 42, 85, 68, 24, 73, 72, 38
Elf 1755: 87, 18, 92, 54, 26, 75, 50, 87, 89, 53
Elf 1756: 93, 81, 63, 51, 41, 20, 67, 32, 2, 52
Elf 1757: 47, 68, 77, 56, 4, 71, 45, 69, 2, 60
Elf 1758: 65, 14, 42, 88, 76, 77, 71, 30, 60, 6
Elf 1759: 59, 15, 17, 68, 58, 38, 93, 17, 98, 18
Elf 1760: 97, 98, 20, 54, 31, 79, 40, 72, 51, 50
Elf 1761: 13, 43, 95, 92, 36, 31, 92, 28, 13, 98
Elf 1762: 47, 70, 7, 88, 70, 18, 54, 10, 26, 11
Elf 1763: 21, 67, 38, 71, 12, 7, 64, 4, 20, 5
Elf 1764: 84, 17, 53, 23, 40, 39, 44, 18, 73, 45
Elf 1765: 24, 81, 91, 11, 3, 78, 63, 62, 79, 95
Elf 1766: 54, 16, 81, 3, 74, 2, 6, 5, 60, 85
Elf 1767: 43, 37, 36, 22, 5, 88, 77, 48, 11, 49
Elf 1768: 43, 88, 63, 41, 80, 8, 83, 47, 82, 11
Elf 1769: 27, 55, 20, 45, 19, 94, 87, 73, 68, 92
Elf 1770: 90, 38, 96, 41, 42, 40, 75, 19, 69, 17
Elf 1771: 23, 59, 44, 73, 53, 29, 15, 65, 97, 57
Elf 1772: 63, 39, 4, 36, 91, 44, 51, 41, 11, 64
Elf 1773: 60, 47, 82, 73, 91, 86, 18, 69, 4, 17
Elf 1774: 61, 11, 80, 94, 43, 79, 32, 38, 57, 4
Elf 1775: 1, 46, 97, 9, 37, 48, 78, 88, 80, 74
Elf 1776: 1, 57, 75, 33, 10, 84, 2, 60, 75, 71
Elf 1777: 20, 69, 1, 65, 27, 69, 63, 84, 82, 26
Elf 1778: 8, 23, 16, 30, 77, 99, 41, 20, 79, 15
Elf 1779: 10, 76, 89, 41, 87, 88, 42, 96, 37, 38
Elf 1780: 5, 29, 93, 39, 17, 94, 80, 80, 9, 76
Elf 1781: 57, 8, 55, 87, 19, 17, 86, 47, 85, 49
Elf 1782: 12, 15, 1, 58, 64, 31, 6, 50, 47, 73
Elf 1783: 28, 9, 61, 89, 56, 31, 21, 66, 81, 75
Elf 1784: 60, 21, 34, 43, 4, 81, 6, 15, 45, 28
Elf 1785: 58, 60, 11, 91, 11, 19, 99, 3, 16, 43
Elf 1786: 66, 72, 31, 27, 17, 9, 68, 23, 11, 97
Elf 1787: 97, 64, 50, 7, 76, 20, 14, 53, 72, 83
Elf 1788: 32, 45, 9, 10, 61, 22, 99, 90, 64, 96
Elf 1789: 68, 41, 85, 45, 61, 13, 88, 43, 48, 90
Elf 1790: 91, 84, 70, 37, 90, 36, 97, 28, 4, 2
Elf 1791: 49, 34, 25, 83, 2, 90, 4, 30, 23, 84
Elf 1792: 53, 13, 35, 98, 85, 34, 57, 86, 76, 58
Elf 1793: 18, 93, 13, 59, 48, 58, 87, 36, 25, 95
Elf 1794: 31, 71, 41, 84, 46, 60, 28, 100, 5, 43
Elf 1795: 9, 4, 24, 54, 33, 64, 4, 55, 30, 92
Elf 1796: 77, 53, 65, 29, 5, 31, 99, 46, 26, 20
Elf 1797: 83, 36, 10, 94, 7, 83, 47, 95, 50, 69
Elf 1798: 10, 29, 64, 1, 4, 7, 77, 80, 32, 46
Elf 1799: 53, 3, 12, 22, 12, 14, 4, 6, 21, 31
Elf 1800: 35, 95, 26, 9, 22, 18, 49, 89, 7, 78
Elf 1801: 73, 43, 15, 73, 18, 88, 48, 11, 20, 33
Elf 1802: 98, 43, 41, 73, 84, 24, 70, 7, 62, 67
Elf 1803: 82, 84, 55, 41, 53, 92, 9, 44, 82, 46
Elf 1804: 100, 32, 19, 96, 5, 71, 96, 58, 37, 51
Elf 1805: 34, 86, 78, 1, 36, 8, 56, 8, 41, 88
Elf 1806: 96, 39, 70, 10, 64, 62, 78, 82, 73, 63
Elf 1807: 5, 28, 64, 4, 65, 41, 36, 59, 71, 93
Elf 1808: 64, 74, 73, 64, 17, 9, 25, 19, 5, 53
Elf 1809: 33, 65, 39, 30, 85, 69, 89, 6, 58, 43
Elf 1810: 42, 93, 96, 88, 80, 54, 54, 45, 40, 6
Elf 1811: 91, 67, 72, 89, 38, 45, 70, 92, 67, 75
Elf 1812: 22, 13, 41, 35, 73, 90, 91, 28, 38, 4
Elf 1813: 56, 74, 19, 86, 32, 22, 23, 22, 44, 53
Elf 1814: 60, 92, 57, 87, 64, 83, 45, 38, 76, 98
Elf 1815: 58, 95, 65, 94, 3, 25, 65, 13, 10, 89
Elf 1816: 42, 8, 33, 14, 52, 23, 68, 48, 38, 78
Elf 1817: 68, 4, 98, 65, 63, 62, 9, 63, 73, 72
Elf 1818: 39, 29, 16, 95, 9, 76, 18, 4, 76, 49
Elf 1819: 37, 3, 33, 32, 19, 76, 18, 52, 40, 78
Elf 1820: 17, 44, 47, 58, 49, 93, 69, 3, 25, 78
Elf 1821: 26, 78, 76, 24, 39, 30, 38, 26, 72, 4
Elf 1822: 23, 44, 94, 98, 73, 21, 8, 85, 78, 53
Elf 1823: 22, 11, 99, 77, 98, 29, 7, 53, 52, 17
Elf 1824: 80, 46, 64, 85, 26, 34, 65, 36, 8, 82
Elf 1825: 15, 78, 61, 94, 4, 83, 18, 14, 40, 83
Elf 1826: 86, 95, 22, 100, 26, 42, 81, 54, 38, 14
Elf 1827: 91, 61, 48, 92, 91, 27, 77, 44, 34, 1
Elf 1828: 36, 75, 44, 61, 17, 38, 32, 49, 33, 51
Elf 1829: 77, 60, 32, 83, 65, 36, 65, 45, 37, 64
Elf 1830: 5, 54, 71, 83, 47, 87, 31, 81, 37, 65
Elf 1831: 16, 9, 9, 17, 44, 25, 95, 85, 50, 50
Elf 1832: 57, 62, 79, 50, 88, 37, 95, 1, 58, 44
Elf 1833: 100, 99, 5, 49, 62, 100, 76, 44, 60, 24
Elf 1834: 58, 31, 92, 92, 2, 22, 16, 40, 44, 98
Elf 1835: 97, 13, 33, 30, 35, 85, 11, 60, 32, 36
Elf 1836: 84, 88, 32, 1, 50, 28, 32, 89, 13, 59
Elf 1837: 80, 6, 9, 20, 95, 45, 89, 18, 68, 54
Elf 1838: 24, 3, 76, 48, 40, 84, 93, 20, 92, 14
Elf 1839: 64, 88, 42, 73, 70, 57, 42, 85, 56, 94
Elf 1840: 81, 40, 30, 48, 95, 86, 6, 45, 33, 97
Elf 1841: 32, 46, 65, 46, 36, 36, 51, 56, 21, 51
Elf 1842: 4, 7, 35, 13, 29, 78, 76, 16, 91, 65
Elf 1843: 32, 65, 53, 82, 91, 82, 8, 43, 95, 36
Elf 1844: 17, 93, 88, 40, 3, 54, 22, 28, 70, 39
Elf 1845: 83, 4, 78, 22, 25, 5, 65, 60, 55, 53
Elf 1846: 15, 71, 72, 18, 86, 21, 53, 88, 95, 10
Elf 1847: 24, 57, 68, 78, 20, 4, 94, 7, 91, 15
Elf 1848: 39, 58, 85, 9, 88, 81, 82, 33, 70, 29
Elf 1849: 53, 36, 32, 96, 69, 14, 32, 82, 10, 17
Elf 1850: 68, 85, 37, 10, 97, 62, 98, 9, 39, 96
Elf 1851: 70, 100, 68, 72, 68, 60, 94, 45, 13, 65
Elf 1852: 34, 55, 44, 68, 89, 71, 65, 35, 77, 27
Elf 1853: 77, 31, 72, 63, 24, 95, 15, 48, 91, 66
Elf 1854: 25, 11, 30, 85, 44, 4, 56, 13, 6, 37
Elf 1855: 78, 14, 97, 20, 13, 19, 15, 8, 20, 16
Elf 1856: 12, 97, 91, 6, 14, 56, 13, 44, 57, 55
Elf 1857: 60, 93, 21, 78, 25, 79, 65, 14, 50, 96
Elf 1858: 81, 13, 87, 97, 45, 10, 86, 88, 77, 95
Elf 1859: 70, 51, 84, 66, 29, 54, 27, 35, 26, 51
Elf 1860: 90, 1, 16, 54, 15, 85, 67, 33, 75, 33
Elf 1861: 56, 39, 46, 88, 96, 29, 58, 23, 72, 80
Elf 1862: 40, 61, 15, 11, 5, 69, 7, 79, 21, 84
Elf 1863: 82, 6, 36, 85, 6, 15, 15, 47, 46, 52
Elf 1864: 19, 60, 69, 7, 11, 20, 92, 25, 10, 76
Elf 1865: 57, 58, 20, 29, 66, 90, 35, 19, 30, 23
Elf 1866: 95, 33, 10, 93, 25, 96, 46, 16, 21, 89
Elf 1867: 20, 83, 83, 27, 17, 87, 90, 52, 55, 64
Elf 1868: 3, 60, 82, 59, 97, 20, 11, 30, 96, 94
Elf 1869: 98, 49, 49, 60, 55, 44, 72, 93, 85, 8
Elf 1870: 45, 54, 3, 91, 57, 29, 35, 20, 62, 97
Elf 1871: 71, 38, 59, 84, 7, 31, 81, 47, 96, 54
Elf 1872: 31, 78, 59, 24, 54, 68, 93, 4, 45, 55
Elf 1873: 44, 99, 27, 85, 42, 98, 2, 78, 27, 66
Elf 1874: 85, 7, 43, 10, 10, 22, 21, 75, 76, 90
Elf 1875: 67, 6, 99, 24, 28, 79, 93, 85, 65, 23
Elf 1876: 53, 33, 46, 14, 17, 66, 99, 100, 24, 80
Elf 1877: 59, 63, 18, 79, 74, 100, 74, 63, 24, 52
Elf 1878: 74, 41, 67, 60, 81, 35, 76, 82, 57, 57
Elf 1879: 98, 70, 32, 19, 6, 61, 10, 37, 88, 5
Elf 1880: 12, 70, 92, 41, 33, 32, 69, 71, 1, 79
Elf 1881: 34, 35, 17, 97, 40, 33, 60, 11, 94, 23
Elf 1882: 53, 80, 17, 85, 66, 87, 49, 54, 81, 90
Elf 1883: 59, 43, 91, 35, 57, 12, 5, 14, 22, 42
Elf 1884: 75, 31, 75, 70, 83, 44, 34, 42, 56, 49
Elf 1885: 86, 26, 44, 5, 88, 4, 92, 100, 83, 11
Elf 1886: 19, 16, 43, 98, 93, 23, 54, 63, 91, 25
Elf 1887: 83, 100, 100, 62, 57, 7, 27, 24, 45, 97
Elf 1888: 61, 1, 2, 63, 74, 78, 20, 37, 88, 90
Elf 1889: 40, 7, 5, 96, 49, 86, 97, 29, 95, 86
Elf 1890: 66, 95, 90, 12, 32, 37, 34, 93, 39, 25
Elf 1891: 96, 29, 78, 13, 36, 54, 25, 70, 35, 36
Elf 1892: 70, 65, 18, 49, 94, 5, 68, 98, 67, 56
Elf 1893: 1, 7, 3, 60, 21, 95, 84, 65, 63, 85
Elf 1894: 39, 64, 68, 43, 80, 92, 51, 48, 56, 31
Elf 1895: 61, 67, 16, 72, 63, 59, 35, 39, 66, 39
Elf 1896: 61, 48, 73, 30, 13, 57, 50, 38, 41, 15
Elf 1897: 82, 3, 23, 59, 4, 41, 81, 38, 89, 32
Elf 1898: 36, 33, 2, 37, 56, 97, 37, 72, 60, 37
Elf 1899: 29, 4, 62, 92, 20, 88, 29, 45, 86, 24
Elf 1900: 76, 97, 77, 91, 78, 53, 68, 94, 31, 70
Elf 1901: 41, 55, 49, 71, 33, 16, 52, 68, 83, 19
Elf 1902: 20, 85, 26, 91, 14, 83, 58, 18, 6, 34
Elf 1903: 97, 54, 73, 34, 66, 53, 90, 74, 50, 39
Elf 1904: 25, 79, 65, 97, 14, 40, 60, 9, 67, 38
Elf 1905: 16, 57, 77, 36, 99, 64, 93, 59, 20, 91
Elf 1906: 30, 57, 75, 80, 57, 99, 82, 32, 64, 65
Elf 1907: 3, 59, 80, 61, 22, 34, 45, 70, 25, 1
Elf 1908: 13, 48, 100, 82, 4, 45, 83, 54, 71, 8
Elf 1909: 19, 14, 4, 6, 53, 79, 99, 48, 80, 12
Elf 1910: 19, 42, 12, 63, 19, 8, 35, 84, 96, 61
Elf 1911: 40, 20, 2, 55, 79, 53, 29, 15, 23, 3
Elf 1912: 87, 9, 89, 37, 100, 96, 28, 66, 37, 67
Elf 1913: 33, 22, 53, 41, 45, 53, 9, 98, 80, 56
Elf 1914: 71, 42, 44, 71, 25, 32, 43, 88, 44, 40
Elf 1915: 32, 46, 16, 84, 15, 3, 53, 90, 34, 68
Elf 1916: 18, 70, 27, 35, 4, 54, 83, 59, 53, 56
Elf 1917: 12, 64, 4, 76, 90, 97, 62, 58, 55, 38
Elf 1918: 6, 3, 86, 58, 21, 94, 29, 43, 100, 23
Elf 1919: 78, 63, 73, 44, 11, 60, 94, 92, 50, 55
Elf 1920: 50, 54, 55, 88, 18, 66, 100, 44, 78, 39
Elf 1921: 26, 36, 83, 27, 91, 56, 90, 2, 51, 98
Elf 1922: 5, 63, 41, 67, 67, 80, 57, 49, 84, 79
Elf 1923: 67, 48, 88, 26, 88, 21, 15, 20, 78, 51
Elf 1924: 49, 8, 89, 47, 66, 71, 73, 93, 1, 32
Elf 1925: 49, 66, 99, 37, 90, 56, 94, 91, 52, 2
Elf 1926: 81, 54, 4, 66, 97, 75, 50, 68, 5, 77
Elf 1927: 60, 78, 53, 15, 26, 64, 57, 50, 67, 82
Elf 1928: 55, 98, 17, 81, 2, 14, 65, 28, 35, 67
Elf 1929: 46, 61, 36, 25, 12, 38, 35, 28, 3, 77
Elf 1930: 39, 97, 54, 23, 46, 78, 53, 17, 33, 7
Elf 1931: 20, 21, 13, 60, 5, 19, 29, 77, 42, 53
Elf 1932: 79, 48, 35, 36, 79, 56, 66, 17, 81, 79
Elf 1933: 84, 86, 40, 13, 35, 21, 23, 39, 6, 22
Elf 1934: 44, 72, 77, 64, 27, 53, 83, 46, 76, 41
Elf 1935: 90, 86, 77, 84, 7, 56, 80, 77, 27, 55
Elf 1936: 66, 54, 25, 70, 61, 41, 39, 92, 51, 94
Elf 1937: 18, 92, 38, 75, 61, 10, 79, 30, 41, 79
Elf 1938: 82, 50, 32, 69, 48, 69, 60, 2, 3, 38
Elf 1939: 23, 89, 94, 38, 53, 81, 14, 55, 81, 52
Elf 1940: 45, 16, 74, 79, 12, 70, 36, 28, 19, 36
Elf 1941: 21, 78, 55, 4, 19, 18, 77, 92, 38, 79
Elf 1942: 12, 83, 18, 79, 17, 10, 71, 97, 12, 33
Elf 1943: 63, 39, 3, 1, 10, 67, 99, 76, 84, 74
Elf 1944: 64, 12, 28, 92, 8, 86, 66, 59, 77, 53
Elf 1945: 71, 85, 79, 31, 72, 60, 70, 93, 100, 17
Elf 1946: 6, 29, 6, 75, 93, 80, 79, 59, 19, 83
Elf 1947: 92, 94, 5, 24, 56, 48, 23, 93, 98, 49
Elf 1948: 74, 93, 59, 28, 88, 33, 96, 9, 54, 93
Elf 1949: 52, 35, 25, 43, 71, 19, 16, 22, 11, 51
Elf 1950: 74, 63, 30, 32, 97, 63, 14, 91, 88, 13
Elf 1951: 23, 78, 29, 17, 85, 54, 16, 72, 43, 95
Elf 1952: 67, 42, 43, 74, 77, 33, 42, 58, 88, 9
Elf 1953: 93, 91, 58, 54, 64, 40, 35, 26, 68, 77
Elf 1954: 30, 59, 26, 36, 86, 33, 54, 74, 80, 6
Elf 1955: 36, 10, 97, 16, 11, 6, 59, 42, 39, 31
Elf 1956: 64, 99, 56, 9, 81, 76, 14, 15, 24, 49
Elf 1957: 77, 92, 77, 86, 65, 16, 9, 49, 33, 4
Elf 1958: 67, 56, 22, 83, 30, 40, 9, 63, 88, 47
Elf 1959: 8, 30, 27, 9, 27, 59, 15, 51, 84, 15
Elf 1960: 100, 18, 83, 58, 44, 100, 36, 79, 100, 88
Elf 1961: 71, 44, 13, 15, 51, 16, 27, 30, 5, 21
Elf 1962: 16, 33, 65, 98, 71, 88, 24, 68, 4, 50
Elf 1963: 74, 49, 77, 97, 51, 80, 54, 76, 68, 56
Elf 1964: 17, 86, 46, 20, 96, 8, 37, 82, 32, 40
Elf 1965: 5, 20, 15, 87, 19, 97, 45, 70, 96, 29
Elf 1966: 20, 44, 6, 75, 1, 26, 96, 53, 97, 62
Elf 1967: 61, 84, 63, 1, 71, 8, 25, 99, 1, 32
Elf 1968: 84, 70, 17, 43, 12, 79, 56, 31, 3, 56
Elf 1969: 79, 39, 82, 19, 77, 20, 26, 59, 5, 70
Elf 1970: 15, 64, 2, 16, 29, 11, 69, 65, 72, 53
Elf 1971: 58, 60, 46, 48, 73, 6, 34, 60, 14, 16
Elf 1972: 8, 81, 29, 28, 32, 93, 44, 7, 7, 74
Elf 1973: 10, 95, 34, 25, 60, 66, 96, 98, 62, 6
Elf 1974: 66, 89, 70, 34, 39, 9, 97, 27, 38, 37
Elf 1975: 72, 58, 31, 89, 42, 10, 22, 61, 89, 10
Elf 1976: 58, 84, 14, 7, 36, 37, 66, 18, 93, 53
Elf 1977: 3, 22, 78, 29, 81, 83, 59, 28, 97, 24
Elf 1978: 69, 45, 25, 88, 43, 18, 10, 38, 64, 35
Elf 1979: 65, 74, 21, 64, 99, 12, 71, 47, 94, 26
Elf 1980: 65, 84, 22, 39, 65, 65, 7, 41, 59, 44
Elf 1981: 68, 67, 80, 60, 1, 43, 1, 24, 4, 81
Elf 1982: 65, 22, 51, 32, 50, 45, 6, 39, 33, 77
Elf 1983: 17, 60, 4, 69, 95, 92, 35, 77, 5, 98
Elf 1984: 96, 24, 28, 60, 56, 40, 31, 96, 29, 84
Elf 1985: 72, 32, 64, 19, 57, 83, 89, 24, 98, 72
Elf 1986: 52, 14, 18, 14, 63, 21, 25, 18, 25, 13
Elf 1987: 45, 31, 66, 29, 87, 22, 16, 6, 96, 25
Elf 1988: 60, 45, 74, 98, 29, 96, 61, 68, 89, 13
Elf 1989: 59, 42, 34, 72, 74, 93, 10, 63, 74, 11
Elf 1990: 42, 90, 52, 58, 74, 97, 91, 25, 9, 16
Elf 1991: 57, 7, 5, 60, 82, 42, 84, 82, 88, 3
Elf 1992: 80, 70, 89, 14, 90, 12, 28, 78, 91, 78
Elf 1993: 58, 88, 63, 83, 88, 47, 96, 6, 49, 31
Elf 1994: 84, 41, 69, 35, 58, 98, 88, 18, 40, 48
Elf 1995: 62, 7, 50, 26, 11, 45, 100, 100, 46, 93
Elf 1996: 12, 41, 53, 15, 96, 44, 90, 81, 52, 49
Elf 1997: 32, 7, 3, 51, 5, 88, 11, 23, 99, 52
Elf 1998: 55, 55, 11, 2, 28, 47, 43, 75, 64, 97
Elf 1999: 4, 77, 90, 20, 40, 73, 14, 69, 48, 88
Elf 2000: 60, 35, 22, 5, 41, 20, 47, 16, 29, 60
