1252
879
488
697
162
1618
88
1676
602
1801
950
1694
1600
293
895
996
266
164
1831
602
776
63
167
650
1966
1827
885
1569
1057
902
141
659
1294
72
618
1354
1787
849
450
1648
1661
761
1052
1721
1766
1170
1722
63
270
950
1661
1020
1847
1847
676
92
1274
1889
276
1154
361
763
439
1237
179
374
1509
656
345
862
1602
380
1485
1062
649
1840
1675
426
35
17
1100
1666
1088
1574
1983
168
656
1673
1160
713
173
1064
1642
315
814
1383
103
328
971
1226
1816
227
169
213
341
1943
1822
830
50
1137
1038
1594
1343
1717
982
415
1826
1697
481
1657
19
1566
1214
443
1917
1797
1260
137
243
703
1209
561
264
1962
1431
268
1829
1529
901
610
1922
1526
645
1945
149
1322
1829
1212
1441
1997
730
1293
1684
277
1452
245
513
1738
203
1802
13
1870
1129
1252
1375
124
1092
568
1788
1024
781
1604
1394
80
469
1598
292
965
1826
122
1732
1939
578
1445
1604
1807
1740
632
165
878
1228
123
1775
733
1014
674
683
1339
1674
1211
110
65
310
205
1750
1737
1795
1871
1367
1333
1073
1969
1822
1178
104
1074
827
155
404
984
1303
1468
254
209
563
532
1395
508
972
71
772
1881
658
699
1821
1467
1336
826
1976
273
1881
229
1747
669
1689
987
978
33
249
144
1290
1995
951
1483
1760
629
1887
385
1657
1390
1611
1680
452
23
595
77
83
1606
816
656
1929
1131
381
1715
1995
1081
1536
372
1915
1101
1650
1768
1540
46
1798
702
1059
84
1767
1740
1097
917
1206
1900
141
340
902
1622
1672
873
9
128
1306
1774
1603
1399
424
1470
1347
456
718
1335
252
573
1610
719
1040
1422
1142
1568
499
1491
888
1456
714
1653
618
1219
225
346
793
1998
1127
766
1479
1658
320
1051
850
1024
579
1960
457
429
1986
1983
1722
874
1999
728
1101
249
675
1511
64
188
212
667
1137
817
1278
1314
990
480
214
313
1075
517
781
1841
195
854
1204
1640
1916
1559
384
378
855
443
1155
691
1910
60
1422
1272
1070
472
1966
236
1555
715
1057
682
657
1439
122
1847
1234
1835
1287
729
1831
1473
876
1496
225
1146
1000
1053
350
192
1676
1392
1096
56
1230
56
1865
822
1889
1315
1809
692
746
766
171
71
1097
1684
871
1546
1227
1011
1166
1240
557
1527
1735
1593
956
120
879
944
598
1010
565
642
964
1876
701
870
706
876
494
552
1713
641
1590
1492
1639
1241
1991
1708
1103
549
1256
1626
1987
1027
619
557
1142
946
832
1593
1472
1561
1413
591
1827
1952
551
793
719
1967
1256
1584
486
1133
1956
344
621
1589
624
949
81
1871
833
1759
1262
659
945
1209
1737
1920
1920
144
1241
1707
1226
1228
677
648
329
207
156
54
784
51
1444
730
1043
865
301
1307
1881
1868
1540
362
1972
609
1546
1540
593
460
1477
1468
1575
115
838
161
206
441
1175
1860
125
1755
1703
1339
45
366
1750
450
1877
1551
759
846
804
1168
106
250
1393
1920
1191
1339
461
69
1123
1712
1234
320
1714
859
1112
484
712
515
114
1482
739
1470
1929
87
1364
671
1966
484
272
86
235
487
655
352
1472
1410
531
232
1868
416
1992
1814
462
1896
1492
1605
1546
1057
1457
1631
358
571
245
978
1415
796
108
787
1850
1482
821
1430
279
1588
1529
1655
933
1252
176
13
824
1472
664
1012
1853
1431
1486
354
1379
910
1987
1512
389
1842
581
278
895
1196
1828
17
1526
328
808
343
484
1936
684
1436
1414
667
1872
1220
1709
1225
1143
1856
1527
1483
1706
151
728
1001
157
1001
915
1601
1187
289
1450
1805
1699
986
1783
881
1520
188
727
689
1042
1424
120
900
433
1240
1010
20
285
1283
944
427
1539
1390
30
1105
1524
438
998
556
1239
1467
1595
1881
212
1272
1890
1085
308
1063
560
893
504
515
882
1072
1151
1269
452
1089
44
46
1942
543
1571
905
1189
907
1839
770
1780
1739
1737
978
778
1805
355
941
1640
198
626
837
1259
1214
1261
574
1850
1082
389
89
1857
1271
50
1261
366
166
1307
900
6
1603
412
1686
1716
1868
1343
407
761
918
478
1171
490
165
1518
1379
582
1633
204
1533
923
1325
679
1753
377
114
581
79
1031
1047
1933
1313
40
1745
1149
628
1496
808
1761
117
452
903
1730
1127
1696
1595
153
1836
1866
458
1493
1706
1354
964
125
1227
1341
1522
1083
572
1501
35
1273
565
1678
13
1121
549
534
11
1707
784
1342
1552
1405
689
568
1118
1692
490
245
336
1116
332
552
1106
1614
325
1177
320
1891
1086
1902
633
1128
1339
827
453
1967
111
1234
325
1021
556
1025
876
257
405
600
1582
784
969
479
1863
407
1432
667
663
1303
1923
860
329
1179
953
1861
1613
1635
792
362
1870
55
789
1908
1925
1830
1764
901
1325
1187
345
296
1877
612
1388
1577
61
1118
1014
1900
68
1386
52
800
453
777
188
1292
220
218
799
1699
267
1025
199
573
171
111
83
756
962
1063
1618
790
332
1328
337
364
1747
833
1689
1741
736
268
44
1618
1214
736
1214
689
432
538
1994
1112
901
968
162
223
317
393
1870
1880
1069
454
1039
337
383
253
1944
1375
306
1577
899
682
1481
1323
1238
1101
581
103
1855
628
1805
1233
1179
1980
139
1938
971
1860
1651
73
1988
532
79
402
1968
632
279
981
1425
11
1770
1571
1115
1517
1761
566
1802
652
1008
408
545
942
1402
954
1432
319
221
894
1704
1008
1310
533
957
1618
1316
1647
952
626
1504
783
709
138
652
2
659
164
498
1358
1350
959
1565
979
523
674
270
577
1259
482
83
915
1873
471
612
567
1389
573
23
1181
1040
1262
726
392
516
1252
1305
393
1198
583
951
394
185
1113
1062
1076
1987
2
459
1936
1497
243
845
1608
1268
10
1424
152
1787
223
271
137
106
593
840
762
1469
306
1042
739
1477
1025
739
1281
806
1110
133
1268
364
273
964
475
1097
286
246
760
105
76
633
1584
290
1407
1867
10
13
497
949
1035
390
99
1989
1750
177
764
828
416
1109
884
381
163
609
1498
1432
522
427
131
56
570
808
1863
168
1838
1239
1943
1590
619
1445
1445
1294
1189
1128
1721
1821
1724
1971
839
1339
1647
1304
1596
1781
1150
1422
498
311
610
686
1361
913
297
1158
1623
1808
1198
571
867
1993
1912
664
1880
1955
1171
375
1727
134
533
654
1857
1412
1207
1252
1
949
1711
334
460
308
208
423
1446
1503
116
634
494
334
1004
1877
249
1085
65
118
1701
1322
1788
1601
657
1786
1510
855
928
1845
950
1808
81
748
79
26
1370
212
1
1650
142
967
933
1985
1116
1320
504
1284
1192
1367
525
1513
880
1924
898
1597
1852
1857
740
1670
624
395
243
1234
1513
176
1992
1183
274
1170
1486
981
1335
1183
1209
1567
164
588
1341
1693
172
419
1287
1732
778
1632
83
929
929
1662
1707
1920
1326
674
1479
1856
315
542
1296
525
1361
1343
1648
473
961
1058
888
279
404
505
1993
1762
1298
1655
1592
213
569
646
317
80
277
860
1198
828
993
1345
1884
1731
821
875
135
85
798
1882
426
836
928
477
829
1867
1957
202
1989
1096
183
1157
1314
871
2000
1515
911
1176
993
333
237
553
223
1081
848
1758
578
80
1050
66
811
1822
469
196
96
1135
444
1693
1135
1240
830
863
1533
973
1780
1727
1130
578
1278
1192
1855
692
1929
112
1434
284
34
669
1530
206
125
549
991
309
1339
1254
789
354
613
1111
1447
1900
1465
1757
1087
1726
1932
892
1553
950
597
515
1116
1813
1524
133
245
217
420
1635
53
1054
436
507
776
324
1424
1791
818
685
827
1040
1156
967
837
1024
1951
840
163
1042
444
1047
1697
1878
1453
653
1001
1195
1785
192
244
510
1062
210
1895
73
154
1018
829
1477
1120
383
515
1988
689
397
744
495
1602
529
1428
984
627
1373
1842
1383
97
1895
547
734
1989
607
1319
1113
1479
1872
681
1932
922
1777
871
796
1846
24
318
1529
1010
1368
362
958
1021
795
245
1867
1814
328
411
546
1099
835
77
1331
1166
1106
458
1116
821
1371
293
574
1524
651
280
680
103
473
1568
770
31
562
1499
893
199
20
1066
1203
1343
1707
908
1570
920
1433
27
1840
819
392
1324
646
66
383
1578
415
1850
241
1056
446
1084
318
1576
198
147
699
1581
666
411
533
772
900
1381
957
897
1535
1907
1463
865
521
960
1012
668
855
1842
768
1870
677
971
1953
1306
260
1009
460
1448
595
1287
1912
1884
306
1458
769
668
888
514
230
1666
1615
956
420
1286
1598
1367
1981
878
1121
823
1439
660
912
1728
1361
700
1909
679
1868
90
1315
369
500
1084
227
639
1
1305
770
1372
1209
1414
1408
942
241
963
1046
1993
1444
807
1765
1386
562
1624
697
1070
1941
638
804
680
118
264
871
908
449
1090
1068
440
1844
1690
1960
945
129
162
1355
558
1215
1604
1919
774
423
1356
846
1905
1901
1223
1218
708
1114
276
551
1436
1548
1237
529
379
548
117
144
677
143
1745
1588
1098
253
536
315
1423
1060
6
1568
1669
1547
484
14
1880
162
429
1749
446
1541
1263
1434
624
879
22
618
111
1515
1190
76
1955
719
1945
1436
869
1529
821
1138
527
903
98
143
1433
1467
585
917
1050
1663
1655
38
790
1940
246
1035
986
677
981
1366
1427
855
1243
1346
1205
1975
419
726
1608
1361
59
92
1016
133
1808
920
1760
1387
1078
1999
1339
1607
1674
769
1042
1015
669
633
239
1429
1613
747
233
1274
497
1824
1302
447
1287
1994
1527
321
130
1764
480
762
898
1134
644
246
1959
1559
90
1043
1861
1500
249
1871
1899
84
1328
530
806
1791
1414
983
358
719
1457
1460
1566
1716
18
1066
1268
1744
314
303
175
66
1339
1524
1421
681
1046
1270
1960
1742
1185
1718
1213
1393
123
1809
1142
1955
432
1481
469
542
1579
989
143
1412
90
1287
1777
109
508
51
1335
808
1647
1697
1513
1556
1971
338
1993
1185
1826
1066
930
1471
1397
1523
1563
1303
1163
1432
455
1192
1831
789
515
1178
429
88
340
175
1553
1951
763
1883
104
1143
619
1122
56
1937
410
388
889
765
257
1398
1554
1687
1722
1133
672
1194
1545
163
128
1840
327
1397
1905
1877
1814
27
1670
1012
1407
1909
1342
1889
1878
257
1704
1761
1476
519
625
20
802
885
23
778
1040
123
1091
1570
1314
769
106
1528
901
952
342
957
1776
1371
1311
353
185
736
1201
1970
1248
405
1063
1478
1489
1920
841
151
41
1263
982
349
1584
767
872
617
1622
1
603
850
500
794
1629
75
261
1432
1245
1000
1219
1783
1219
1084
512
1013
1328
1488
259
1681
1339
488
671
1588
1939
7
1724
929
201
1661
1327
1388
1358
1086
1200
797
199
1876
1992
787
167
396
1217
732
1094
538
1459
771
1932
583
23
344
1788
786
557
94
148
1729
1202
1981
1443
715
644
471
188
1768
1714
1614
424
1422
663
1726
891
167
42
1131
1239
576
1571
513
402
1818
979
194
112
610
551
902
1033
1353
912
189
1481
1592
629
1156
1398
630
944
239
309
340
149
1099
806
50
101
1809
1560
443
51
236
1331
652
1130
74
656
933
1009
1270
783
801
1592
1169
209
1612
1030
837
658
876
56
1010
91
1420
1880
322
1732
544
1670
137
358
1616
229
1909
1988
1021
1762
564
435
1293
153
465
1002
914
1373
347
654
1040
1591
769
929
401
1382
1342
720
1457
594
1850
930
1045
167
804
64
1868
1539
1136
1573
1031
584
1346
1184
614
58
1765
92
147
704
1112
9
1900
1643
617
1596
393
1541
1939
419
699
1365
447
346
1817
1722
129
303
389
750
1177
36
1934
1655
803
1322
1485
1294
664
951
479
1574
16
709
1244
1630
1640
964
835
867
182
59
1377
932
615
1725
316
1689
319
1929
1182
55
1164
892
1548
1042
1332
1195
1976
1022
1087
1979
1593
237
543
967
1523
1069
1348
1662
662
1241
1885
1724
303
1822
263
982
1554
1777
418
1425
882
247
39
734
1069
1612
46
1911
651
1347
1144
647
1421
384
1346
355
1162
517
295
1624
1955
202
280
1077
1355
713
161
1150
94
1313
1110
1854
971
1909
1227
601
372
1980
1115
1324
459
1583
1212
593
393
1043
1723
1710
1995
1680
341
934
1179
818
1099
1168
1388
1531
1119
1361
1599
1164
453
208
1929
1358
692
121
1336
1238
868
603
672
361
120
1731
800
1361
1924
1012
1245
357
480
402
328
275
1539
913
1405
1116
1722
1778
1470
1713
849
1067
435
593
1174
375
1273
1888
864
464
274
447
38
1391
650
370
799
755
158
1118
894
186
1162
749
968
1663
1395
947
1521
1572
1114
958
1011
1970
1408
663
1312
213
324
521
1689
1541
1151
1761
492
1963
1691
400
535
1693
1742
321
965
1442
1055
1882
916
1090
1711
46
1941
1389
1196
1260
369
937
297
559
1567
332
1775
399
485
857
1909
507
1149
1846
1384
1084
875
1696
891
418
1043
599
161
286
1430
452
1884
1309
1755
350
1805
1385
1802
383
1014
515
1681
413
739
323
1981
1597
568
1317
1199
853
1809
891
633
1017
1773
888
1317
1222
1654
995
370
1724
1513
80
265
1175
1934
942
1684
1893
470
400
1437
833
1491
502
273
1638
1129
156
767
257
249
1800
220
1969
444
875
1731
496
441
1646
1018
673
1459
1185
572
1405
196
557
279
1352
455
28
1685
1058
415
561
1709
1017
578
232
1612
59
1621
390
1097
1066
1949
1516
1466
505
1224
1768
344
1525
1345
1506
248
441
1280
973
646
1967
290
941
157
74
1321
1108
735
246
1311
1300
636
579
404
1765
1499
1081
1691
1066
1950
971
555
259
287
1471
1760
595
854
1227
373
419
345
809
1187
392
1056
744
567
752
1755
338
1144
358
1804
1764
993
469
1589
1697
930
976
323
501
1203
934
151
1241
1414
468
92
967
967
333
1389
1851
1932
1997
365
1446
399
256
798
1195
1781
1030
803
85
719
1772
1228
179
151
564
1537
276
214
1976
380
1457
1785
683
370
1595
1692
390
1637
1922
1218
236
1738
421
1509
584
801
1105
1122
582
208
1989
1959
255
1126
89
150
224
541
830
587
1730
1551
1665
947
573
649
1871
1411
636
1204
681
98
1423
328
34
361
684
932
1233
1936
1565
480
1900
352
1470
567
1622
1786
237
631
1562
1752
1110
351
1078
1173
58
1220
212
279
1202
1327
175
159
961
501
472
544
1727
279
1183
229
955
69
1370
677
1998
458
690
1296
1786
679
1014
1907
1101
1285
25
666
1010
1301
273
887
1344
1582
972
275
1367
843
490
1953
1967
895
1113
1760
416
808
861
144
507
178
1674
1667
1227
935
1205
459
495
1298
1294
578
1734
513
156
1753
1436
1234
166
1741
768
1388
1370
942
1362
1462
1105
87
1248
289
451
1537
290
874
135
1262
1792
798
624
968
1492
966
1014
1535
1843
1266
516
379
156
665
1414
1541
900
849
1072
1499
1183
1752
1087
154
762
902
1389
204
259
122
1276
1892
104
892
1085
15
1046
1744
502
264
1069
849
1436
727
1689
1400
1001
646
1441
1033
1152
54
1692
574
922
405
874
1495
807
27
1951
1603
1651
20
1922
118
337
1697
1834
1435
45
1597
383
1398
1279
137
1129
1762
72
1408
310
442
942
1956
1956
291
1172
35
1637
1423
189
1945
1048
1272
481
1407
447
6
680
1904
221
1730
529
1658
807
756
606
938
1626
867
172
542
1659
183
981
81
1288
1917
1636
283
1837
1907
52
55
1815
1200
846
108
1381
1833
1848
1973
1695
1575
715
700
1156
1640
332
1090
1666
529
1920
1535
1126
1176
1978
1878
1064
174
415
774
1063
206
1227
1381
1267
768
1495
768
44
132
361
1767
95
589
434
1379
1722
1533
1834
1137
1069
33
1967
432
874
1836
1794
359
649
985
1987
1047
1749
172
941
273
1251
871
129
898
1294
532
749
1477
1143
675
861
1939
865
1291
32
1404
813
1806
1811
1493
1652
1835
187
25
151
614
97
1569
1348
1029
1206
1848
733
929
451
1207
423
7
169
408
1707
117
1101
1910
785
525
1319
381
698
476
16
170
1608
1174
29
129
266
1712
195
873
1271
760
695
1902
577
1443
603
458
295
543
379
299
814
606
569
1766
1046
817
1802
1659
3
1155
1409
1158
1640
1434
147
1840
997
1089
1747
304
442
143
1313
175
1662
1157
1222
112
984
175
1739
1930
1924
290
1636
1130
1947
1930
539
750
1652
837
1982
1184
88
1942
1015
1333
1654
165
1018
205
723
1830
632
1865
1031
390
218
1903
1008
1297
1587
1152
1786
1231
887
1973
481
910
732
975
1128
1883
1203
1298
156
1182
238
217
771
118
315
1665
1861
1745
571
781
1244
885
817
692
297
1448
1851
327
867
385
12
1389
1309
1440
360
1809
1954
1159
1292
1557
86
290
1295
583
1010
732
1218
654
604
412
391
1823
362
53
1873
843
1387
408
1912
524
286
421
104
1302
1553
1280
85
1688
1775
561
648
1328
786
615
1323
1199
256
1618
1125
1792
1200
525
1452
396
308
1867
559
1836
565
1574
432
1581
1947
1417
582
1367
897
429
1625
363
797
1312
358
1195
904
820
1158
1372
110
1881
151
1038
1463
74
1306
1399
142
1211
1917
902
1532
1176
1754
687
844
1077
1889
371
1443
1275
1641
1461
1431
1150
41
814
1007
485
818
1445
425
594
516
798
947
214
1021
1169
1053
72
629
1448
184
369
1806
253
610
767
575
1190
1328
172
382
395
1319
157
341
1307
1759
407
988
494
1384
90
887
824
602
834
1198
1165
563
142
631
499
1468
1585
360
731
60
268
1235
1536
286
1974
1378
103
869
1357
857
1790
1801
1447
29
49
1901
960
430
251
1954
279
1653
1825
975
163
481
1732
1230
1947
1650
1909
295
1066
1714
1745
631
1660
456
806
1432
975
70
745
98
1704
370
875
374
284
1315
173
498
1400
1393
1213
1156
326
549
1105
108
1954
1567
370
1978
544
658
1145
462
69
1183
314
1482
1655
1361
669
1159
1209
1323
1184
1230
897
910
1471
1220
1763
1750
1045
1352
1736
48
1140
891
799
584
1901
1909
1226
550
41
164
790
1692
1845
231
1674
379
641
1560
461
1464
78
1397
1459
932
1166
248
540
1075
614
1098
566
567
113
1658
1847
819
1844
600
1442
379
1139
867
1402
1040
1437
1146
181
116
663
668
1872
827
713
1511
680
1917
464
861
1860
556
1504
633
87
638
741
1003
347
10
1397
982
942
1217
552
1148
1796
1195
991
1622
382
1177
167
1812
170
548
1735
1821
625
386
1795
623
309
1427
746
1546
108
261
1031
664
456
598
93
1928
1744
1425
86
1360
1096
1963
1541
1009
1372
1470
1156
874
620
1448
1303
407
1548
1590
323
395
319
1691
20
495
1929
611
1678
1749
1298
1970
855
744
1001
216
1401
1227
515
1563
1467
265
353
1710
46
1911
1004
1006
811
666
81
1362
881
1914
1551
166
295
1986
996
377
1170
967
955
1590
1615
1255
1717
1636
360
505
473
1227
1512
1584
1507
1380
1782
532
1113
1535
1387
1264
96
264
1667
1103
1089
1622
1321
1863
1120
1831
1112
1809
594
493
527
1254
1397
1080
1579
569
546
5
1611
1043
805
913
1124
1814
1055
1112
1777
295
639
676
13
1482
156
638
1336
1701
285
504
107
1636
550
257
1911
493
241
647
914
2000
1972
7
797
1344
887
853
1310
5
964
305
386
535
418
646
1232
546
681
616
1536
38
1209
42
1922
125
1929
1252
1272
204
971
1694
684
666
781
1757
1040
432
517
1665
351
852
447
1523
325
1
494
1552
388
148
164
1319
727
1927
793
188
1696
1757
130
1735
1716
937
1778
244
449
125
1601
883
332
1661
1251
1285
1603
1829
1835
770
1369
1819
663
1988
964
1428
707
893
1336
660
1522
1017
662
1715
483
1573
1053
1365
1395
906
539
296
1039
685
1604
1697
28
1882
412
198
1799
786
836
22
1025
990
1673
1415
1356
801
1620
1206
708
1505
1356
179
697
1875
487
1997
904
1916
531
1405
1462
1588
677
1621
1806
798
538
51
299
1178
548
342
1057
11
1005
1737
591
703
314
141
1125
442
1606
1054
1894
862
1740
117
625
81
1681
773
1063
647
1008
865
933
551
1337
1395
751
1100
844
607
826
1035
1926
1216
397
257
183
1334
1337
1351
1070
1150
483
1021
1184
1201
1649
1977
514
1692
1822
74
1081
565
1984
1350
742
1558
887
1489
1159
1630
1489
704
387
1969
859
1359
1751
518
1368
930
1220
1726
1397
1955
860
438
1417
1886
1947
1318
240
25
12
733
162
210
818
1878
202
1282
64
1674
829
321
1336
485
1717
1312
1415
1977
1233
1112
1253
226
1671
1065
135
79
1769
1911
279
553
1316
191
1679
58
1600
9
1329
54
176
31
481
1266
1533
1774
443
1153
268
1456
787
409
300
290
1896
1764
551
209
1887
577
1799
232
291
1552
1416
1403
588
855
991
654
369
706
1295
716
896
1162
869
250
255
574
1365
1376
16
787
1570
280
1147
1951
505
1037
332
1574
501
1360
970
1160
1335
1401
1633
1395
1351
1589
732
308
649
1418
1421
827
1045
1846
1563
711
1858
293
37
1925
1809
806
1342
1835
406
1074
1192
1586
1510
1829
1891
612
1455
1749
1255
716
1602
1893
753
891
1026
241
1976
1115
1100
1288
1827
1420
383
271
1978
648
100
1631
732
592
1838
1668
192
1098
699
566
1770
1077
310
1607
677
1166
138
1073
1904
1811
568
427
867
620
781
1409
1814
621
704
190
610
1959
1879
979
923
1946
1290
1540
259
1965
1262
888
1075
173
70
950
533
1207
1463
664
1883
1963
140
462
853
1635
1430
540
102
663
463
473
158
1922
424
28
445
1611
1025
1801
1039
232
837
1627
494
234
1210
1565
1412
91
1346
1758
682
1993
1665
1212
1024
1112
488
401
434
127
1661
867
305
1
1956
748
433
332
169
1141
54
1485
1967
1346
1732
824
1733
242
217
1525
600
1059
1058
924
686
1403
819
860
661
1661
588
1841
634
1073
1171
1195
573
917
7
498
435
488
1891
1960
1405
318
1751
1363
1732
1875
1568
923
1549
1249
874
1854
1148
1319
893
679
585
723
1270
1674
1973
215
1234
942
534
204
304
587
217
1051
220
1022
1359
1001
1551
131
814
309
351
976
412
1895
1774
663
991
1004
813
1075
1394
420
1097
206
654
1281
322
63
1784
87
1266
1747
702
445
839
1609
1011
665
1589
1270
1995
1438
208
1762
610
644
23
1683
1743
1963
1748
980
985
995
777
1019
1429
1034
379
877
734
451
857
894
387
1121
849
837
1257
1660
390
1268
801
453
1606
797
1723
1385
1502
569
443
567
964
1977
929
1754
1564
1812
137
697
1462
769
572
400
1645
1327
1275
1650
1694
164
528
1774
1220
1686
1979
1197
1435
808
879
1527
1687
1793
517
1151
1462
1301
117
505
1596
1982
1481
1551
945
1728
469
720
1469
790
1928
1642
325
1986
1623
14
138
932
867
1418
1047
488
656
1941
529
452
665
461
799
371
459
520
1590
947
1764
859
328
844
375
1973
854
1985
1166
862
960
1765
1069
537
1489
744
1147
1438
1976
1550
290
1765
126
241
1670
593
1400
766
659
24
1988
1496
1661
1099
1745
459
1266
151
855
373
1553
1363
631
1998
1666
113
509
703
1787
1515
1466
725
213
1781
1847
1995
758
1608
1376
1797
1120
1847
480
849
132
1732
402
1729
918
135
82
822
1681
283
597
1736
778
1296
735
439
1736
1501
1669
680
196
335
574
818
1201
264
1506
479
200
619
641
946
1877
1046
1188
1419
787
1080
55
718
859
1643
1716
1397
1018
1365
1276
1027
358
1818
141
1028
1010
931
69
1543
897
145
121
1283
1012
575
1959
1373
632
1171
1786
1376
849
624
818
27
1324
847
495
1107
432
778
740
1887
587
460
839
181
1782
1409
1373
1892
1677
1350
55
1913
574
1423
188
994
1225
276
1899
165
1017
1243
1487
527
1102
1081
922
1612
929
1118
809
930
515
1394
1795
491
131
1969
952
818
961
1704
195
624
435
1384
613
257
607
1064
959
605
1750
1395
1845
1781
989
1372
551
1681
857
878
573
608
277
779
1689
115
1244
1259
355
523
1627
1851
1768
601
698
1460
1423
906
135
1846
1004
133
1512
310
1435
1925
1717
1489
1997
100
1565
129
1278
1750
1368
1406
1354
1510
372
944
188
978
100
547
701
545
1513
1607
1528
374
1219
123
14
1470
445
1846
865
397
90
135
814
446
156
359
788
1280
483
74
324
264
1314
639
1523
1229
1968
1693
1919
919
261
724
1585
715
1327
360
1884
1452
1494
683
1104
911
945
758
1931
363
629
1990
1262
1375
1143
936
327
1149
1519
1557
924
1976
1536
1243
1405
1430
480
1380
346
1817
670
1181
906
58
89
1692
1776
354
1500
325
593
394
369
218
1337
1241
1771
1048
768
1481
1383
527
671
226
126
1881
239
4
1887
1841
1649
1932
1455
1673
1129
1509
1101
623
780
549
1007
1829
580
1114
572
1746
631
1156
1877
1869
1853
542
238
1289
1420
1265
191
288
766
1164
360
1879
917
34
544
1896
932
74
1122
538
256
1890
5
1214
223
1562
1676
359
1005
1545
1166
1681
352
562
1530
1004
1608
1957
1782
1996
156
178
1371
1426
868
1565
75
801
1382
1846
305
55
1653
1104
907
1660
1256
1889
116
1192
1990
1426
818
1980
1655
1621
1555
226
1857
264
645
887
1609
164
1737
338
1114
294
170
186
1941
1288
822
344
1314
75
1860
611
986
1254
1823
369
718
540
1338
1227
31
927
271
1389
1900
799
573
1449
718
1063
1479
1095
527
1369
1187
1524
1787
1976
658
718
488
625
352
113
948
1022
1274
1943
1067
381
687
541
47
1387
935
185
914
631
591
939
504
1098
1120
706
1106
910
1722
1123
705
998
378
1606
655
1314
468
681
1242
1703
669
1597
1173
157
1829
1028
653
472
706
977
1154
265
136
1055
454
1419
1186
1168
922
1494
575
1968
1408
1641
291
797
349
216
1513
1782
775
252
483
845
416
505
1569
9
1184
1598
1888
354
1979
1721
839
1539
1668
318
1298
846
880
768
954
1146
1640
1234
51
480
1086
1135
598
492
1115
101
959
1049
1149
357
775
1742
141
1216
134
32
1353
381
1016
1267
1867
1026
221
1002
611
1784
1406
1535
548
185
1849
602
599
1907
1178
145
1848
1374
870
358
1101
1301
999
821
665
1930
738
289
425
700
1347
1612
1882
462
577
1348
859
738
1661
1566
883
1411
1573
99
847
968
1275
1719
20
327
1367
1994
1361
850
1363
522
424
1755
1519
1285
1723
1604
1558
1585
1759
1556
609
880
406
371
134
1982
657
1735
236
1628
1926
616
1556
1658
823
